92314	92076
92314	93601
92435	93601
92941	93601
92941	93210
92941	93690
92127	93601
92127	92114
92127	93210
92316	93601
93447	93601
93447	92513
93447	93210
93447	92076
93447	92542
93447	92669
91889	93601
91889	92114
91889	93210
92506	92076
92506	93601
93086	92037
93086	93601
92050	92076
92050	93601
92017	93601
92017	92114
92017	93210
93015	93601
93015	93690
92242	93601
92242	92114
92242	93210
92713	93601
92408	93601
92408	93210
92408	93690
93318	93601
93318	92062
92436	92037
92436	93601
92436	92062
93220	92037
93220	93601
92251	93601
92251	92114
92251	93210
91894	93601
91894	92513
91894	93550
91894	93210
91894	92076
93557	92076
93557	93601
93557	92114
93557	93210
93191	92076
93191	92727
93191	93601
93498	92037
93498	93601
93498	93690
92070	93601
92070	92114
92070	93210
92179	92076
92179	93601
92179	92852
92179	93210
92778	92076
92778	93601
93185	93601
93185	93210
93185	92076
93185	92326
93185	92114
92582	93601
92582	92513
92582	93210
92582	92076
92582	92617
92690	92037
92690	93601
92690	93690
93542	92076
93542	93601
92248	92037
92248	93601
92248	93690
92248	92046
93208	93601
93045	92037
93045	93601
93045	93129
93045	93690
92032	93601
92032	92114
92032	93210
92551	93601
92551	92693
92551	93210
92551	92076
92551	92852
93415	93601
93415	93210
92033	93601
92824	93601
92824	92114
92824	93210
92691	92076
92691	93601
92691	92852
92691	92693
92117	93601
92117	92277
92117	93392
93187	93601
93187	92114
93187	93210
92758	92037
92758	93601
92758	93690
92758	92142
92758	92440
92758	93701
92237	92076
92237	93601
93665	91999
93665	93601
93665	92764
93658	92037
93658	93601
92703	92076
92703	93601
92703	92114
92703	93210
92092	91997
92092	93601
92092	93000
92092	92311
92092	92513
92092	93210
92092	92426
92092	92076
92092	92161
92092	92290
92328	93601
93592	93601
93592	92114
93592	93210
93377	92076
93377	93601
93377	92852
93377	93210
93411	92076
93411	93601
92909	93601
92909	92114
92909	93210
93564	92037
93564	93601
93564	92845
91925	93171
91925	93601
91925	93690
92263	93601
92263	92083
92263	92855
92263	93210
92263	93378
92286	93601
92286	92114
92286	93210
92745	93601
92745	93210
92745	92076
92745	92596
92745	92326
92745	92114
92208	93601
92208	93210
92208	92076
92208	92326
92208	92114
93586	93601
93586	92513
93586	92323
93586	93210
93586	92076
93354	93601
93354	92114
93354	93210
92890	92037
92890	93601
92890	92142
93127	93601
93127	92114
93127	93210
93594	92076
93594	93601
93594	93210
93414	93601
93414	92114
93414	93210
92188	92037
92188	93220
92188	93601
92447	93601
92447	93210
92447	92076
92447	92596
92447	92326
92447	92114
92234	92037
92234	93601
92234	93690
93174	93601
93174	93210
93616	92037
93616	92697
93616	93601
92999	92076
92999	93601
91951	92037
91951	93258
91951	93601
92805	93601
92805	92083
92805	92855
92805	93210
92805	93449
92805	92734
92805	93378
92504	93601
92504	93210
92394	93601
92394	92114
92394	93210
93167	93601
93167	92114
93167	93210
92859	93601
92859	92855
92859	93210
92115	93601
92115	93210
92115	92076
92115	92326
92115	92114
92204	93601
92204	92062
93333	92076
93333	93601
93333	92114
93333	93210
93153	92154
93153	93601
93002	93601
93002	92513
93002	92323
93002	93210
93002	92076
93677	92037
93677	93601
93677	93612
93677	93690
92135	92037
92135	93220
92135	93601
92939	92076
92939	93601
92829	91999
92829	93601
92829	92764
92829	93690
92085	93601
93025	92076
93025	93601
93227	93601
93227	92513
93227	92323
93227	93210
93227	92076
92147	92037
92147	93601
93132	93601
93132	93225
93132	93392
93443	93601
92608	92037
92608	93601
92608	92944
92064	93601
93733	92076
93733	93601
93733	92114
93733	93210
92488	92037
92488	93601
92488	93612
92003	93601
92003	93690
93176	92076
93176	93601
93525	92037
93525	93601
93397	93601
93041	93601
93041	93210
92953	93601
92953	92114
92953	93210
93566	92037
93566	93601
93566	93690
92168	93601
92168	93210
92076	93601
93545	92076
93545	93601
92990	93601
92990	92114
92990	93210
93342	92037
93342	93601
93427	93601
93427	93210
92647	92037
92647	93601
92518	93601
92518	93210
92290	93601
92290	93000
92290	92513
92290	93210
92290	92076
93100	93601
93100	92513
93100	92323
93100	93210
93100	92076
93613	92037
93613	93601
93613	93612
93613	92272
93613	92944
92616	93601
92616	93210
92616	92076
92616	92326
92616	92114
92808	93601
92808	93210
92254	93601
92434	92076
92434	93601
93209	93625
93209	93601
93209	92076
93209	93142
92795	93601
93393	93601
93393	93210
93752	92076
93752	93601
93752	92852
93752	93210
92699	93428
92699	93601
92699	92114
92699	93210
93420	93601
93420	93210
93420	92076
93420	92326
93420	92114
93379	93601
93379	93225
93379	93392
92386	93601
92386	93210
92386	93690
92386	92076
92386	92852
93682	93601
93682	92114
93682	93210
92834	92076
92834	93601
92576	93601
92576	93392
91981	92037
91981	93258
91981	93601
92635	92037
92635	91969
92635	93601
92635	93690
92700	93601
92700	93392
92182	93601
92182	92114
92182	93210
92467	93601
92180	92381
92180	93601
92180	92693
92180	92076
92180	92852
92473	93601
93421	92076
93421	93601
93421	92852
93421	92693
93779	93601
93779	93210
93779	92076
93779	92326
93779	92114
92403	92037
92403	93220
92403	93601
92840	93601
92840	93210
93231	93601
91972	92037
91972	93601
92039	93601
92039	92114
92039	93210
93070	93601
92553	93601
93655	93601
92789	93601
92789	93240
92789	93368
92789	93210
92789	92162
91928	92381
91928	93601
91928	92693
91928	92076
91928	92852
92912	93601
92912	92114
92912	93210
92719	93601
92490	92037
92490	92074
92490	93601
92490	92944
93085	93601
93085	92114
93085	93210
93288	93601
93288	92855
93288	93210
91919	92037
91919	91969
91919	93601
92073	93601
92073	92311
92073	92513
92073	93210
92073	92076
92432	93601
92343	93601
92343	92114
92343	93210
92431	93601
92431	93368
92431	93210
93615	93210
93615	93601
93615	92855
93615	91876
92862	92479
92862	92076
92862	93601
92419	92037
92419	93601
93610	93601
93610	93000
93610	92513
93610	93210
93610	92076
93610	93429
92605	93601
92605	92855
92605	93210
92487	93601
92013	93601
92013	93210
92173	93273
92173	93368
92173	93601
92173	93210
93645	92037
93645	93601
93645	93701
91947	93601
92801	92479
92801	92076
92801	93601
92183	92037
92183	93601
92183	93690
92918	93601
92918	92076
92918	93625
92715	93601
92715	92513
92715	92323
92715	93210
92715	92076
91885	93625
91885	93601
91885	92076
91885	93142
93799	92786
93799	92076
93799	93601
93799	92937
92226	93601
92841	93601
93243	92037
93243	93601
93243	93690
92858	93601
92858	93210
92858	92076
92858	92372
92858	92114
92442	93601
92442	93057
92442	92513
92442	93210
92442	92076
93702	92037
93702	93601
93702	93690
92624	92381
92624	93601
92624	93210
92624	92076
92624	92852
93672	92037
93672	93601
92192	91999
92192	93601
92192	92764
92360	92037
92360	93601
92360	93701
92360	93690
92422	92037
92422	93601
93509	93601
93509	93210
92970	92076
92970	93601
93149	92076
93149	93601
93657	93601
93657	93210
92565	93601
93624	92037
93624	91969
93624	93601
92754	92076
92754	93601
93122	93601
93122	92114
93122	93210
93599	92513
93599	92076
93599	93601
93599	93210
93546	93601
93546	92513
93546	92855
93546	93210
93546	93516
93546	92076
93546	91944
93546	92842
92773	93601
92773	92114
92773	93210
93662	92037
93662	93601
93662	93129
93662	93690
92742	93601
92742	92072
93211	92596
93211	93601
93211	92114
93211	93210
92670	93601
92670	93210
93240	93601
93240	93368
93240	93210
93781	92076
93781	93601
93148	93601
93274	92076
93274	93601
92238	93601
92648	92300
92648	93601
92648	92072
93651	92037
93651	93601
93202	93601
91915	92381
91915	93601
91915	92693
91915	92076
91915	92852
92992	92037
92992	93601
92051	92076
92051	93601
91899	93601
92958	93601
92958	92114
92958	93210
93280	93601
93280	92114
93280	93210
92103	93601
92103	93210
92103	92076
92103	92326
92103	92114
92350	93601
92443	92037
92443	93601
92443	93690
92273	92786
92273	92479
92273	92076
92273	93601
92012	92037
92012	93601
92012	93690
92764	91999
92764	93601
92178	92037
92178	93601
92178	93701
92318	93601
93169	93601
93043	92037
93043	92697
93043	93601
93043	93690
93378	93601
93378	92855
93378	93210
93521	92479
93521	92076
93521	93601
92297	93601
92406	92037
92406	93601
92198	92037
92198	92697
92198	93601
92097	93601
92097	93210
92097	92076
92097	92326
92097	92114
91914	92076
91914	93601
91914	92114
91914	93210
92693	92076
92693	93601
92693	92852
92980	93601
92980	92062
92980	93690
91994	92381
91994	93601
91994	93210
91994	92076
91994	92852
92327	92037
92327	93601
92327	93701
92458	93601
92458	92114
92458	93210
93410	92037
93410	93601
92574	92037
92574	93601
92486	92037
92486	93601
93668	93601
93668	93392
93500	92076
93500	93601
92119	92076
92119	93601
92395	92479
92395	93601
92395	92381
92395	92693
92395	92513
92395	92323
92395	93210
92395	92076
92395	92852
93192	93601
93192	92114
93192	93210
92337	93601
92337	93210
91934	93601
91934	92114
91934	93210
93201	92076
93201	93601
92143	92037
92143	93601
92143	93690
92106	92037
92106	91969
92106	93601
92106	93690
91944	92076
91944	93601
93007	93601
93007	93210
93007	92076
93007	92326
93007	92114
93145	92037
93145	91969
93145	93601
93145	93690
92683	93601
92683	92062
93337	92037
93337	92486
93337	93601
93337	93690
92863	93428
92863	93601
92863	92114
92863	93210
93491	92037
93491	92325
93491	93601
93491	93690
93094	92076
93094	93601
92561	92037
92561	93601
92561	93690
92688	92037
92688	93238
92688	93601
92688	93270
92688	93173
93344	93601
93493	93601
93493	92114
93493	93210
93372	93601
93372	93210
92306	93601
92306	93057
92306	92513
92306	93210
92306	92076
93210	93601
93768	92076
93768	93601
93768	92114
93768	93210
93171	93601
93171	93690
92102	93601
92102	93210
92896	93601
92896	92083
92896	92855
92896	93210
92896	93378
92842	92513
92842	92076
92842	93601
92842	93210
92580	93601
92580	92114
92580	93210
93286	93601
93286	92114
93286	93210
92090	93601
92090	92114
92090	93210
93549	93601
91876	93601
91876	92855
91876	93210
92225	93601
92225	92114
92225	93210
92371	92037
92371	93601
93757	93601
92130	92037
92130	93601
92130	93524
92130	92349
93570	92037
93570	93258
93570	93601
92570	92513
92570	92076
92570	93601
92570	93210
93219	93601
93219	92277
93219	93392
92901	93601
92901	92114
92901	93210
93643	93210
93643	93601
93643	92855
93643	93077
93058	93601
93096	93601
93096	93288
93096	92357
93096	92855
93096	93210
93096	93798
93463	93601
93463	93368
93463	93210
93463	93690
93543	92037
93543	93601
93543	93690
93537	93625
93537	93601
93537	92076
93537	93142
93039	93601
93039	92114
93039	93210
93784	93210
93784	93601
93784	92855
93784	91876
92682	93601
92682	92114
92682	93210
92873	93601
92873	93690
92428	93601
92428	92083
92428	92855
92428	93210
92428	93449
92428	92734
92428	93378
93693	92076
93693	93601
93693	93210
92774	92381
92774	93601
92774	93210
92774	92076
92774	92852
93295	93601
93295	93210
92246	93601
92246	92114
92246	93210
91923	92076
91923	93601
91958	93601
91958	93210
92644	93601
92644	93210
92644	92076
92644	92326
92644	92114
93033	92076
93033	93601
93033	93210
92562	92037
92562	93601
92562	93690
93234	92479
93234	92076
93234	93601
92756	93601
92756	92513
92756	92323
92756	93210
92756	92076
93713	93601
93713	93210
93713	92076
93713	92326
93713	92114
93170	93601
93170	92513
93170	93210
93170	92076
93170	92542
93170	92669
92229	92076
92229	93601
92229	93210
93290	93601
93290	93210
93290	92076
93290	92326
93290	92114
93371	93601
92604	92076
92604	93601
92731	93601
92731	93690
92848	93601
92848	93225
92848	93392
92642	92037
92642	93173
92642	93601
91939	92037
91939	93601
93310	93601
93310	92114
93310	93210
92365	92076
92365	93601
92098	93210
92098	93601
92098	92855
92098	91876
93152	92037
93152	93601
93264	93601
93264	92855
93264	93210
92015	92076
92015	93601
93524	92037
93524	93601
93704	92076
93704	93601
93704	92852
93704	93210
93004	92037
93004	93601
93004	93690
92913	93601
92913	92693
92913	93210
92913	92076
92913	92852
92729	92381
92729	93601
92729	93210
92729	92076
92729	92852
93330	93601
93330	93690
92440	92037
92440	93601
92440	93701
92440	92142
92926	93601
92926	92114
92926	93210
92736	93058
92736	93601
92844	92076
92844	93601
91991	93601
93494	91999
93494	93601
93494	92764
93494	93690
92362	93601
92895	93601
92895	92727
92895	93270
92895	92076
92895	93681
92048	93601
92048	93210
92048	92076
92048	92326
92048	92114
93053	92076
93053	92727
93053	93601
92867	93601
92197	92037
92197	93601
93193	92037
93193	91969
93193	93601
93696	92037
93696	91969
93696	93601
92483	92786
92483	92479
92483	92076
92483	93601
92043	92076
92043	93601
92043	92114
92043	93210
92492	92037
92492	93173
92492	93601
92492	93690
92280	93601
92280	92114
92280	93210
92654	93601
92654	93210
92654	92076
92654	92596
92654	92114
92213	93171
92213	93601
92213	93690
93064	92076
93064	93601
93064	93210
93190	92037
93190	93601
93190	92845
93737	92300
93737	93601
93737	92072
92086	92076
92086	93601
93472	92076
93472	93601
92954	93601
93350	92037
93350	92325
93350	93601
93350	93690
92724	92037
92724	93220
92724	93601
91875	92037
91875	93601
91875	92142
92074	92037
92074	93601
92074	92944
92353	93449
92353	92734
92353	93601
92353	93210
92112	92037
92112	93601
92112	93690
92159	93601
92159	92114
92159	93210
91999	93601
93177	92037
93177	91969
93177	93601
93177	93690
93345	93601
93345	92083
93345	92855
93345	93210
93345	93378
92271	92037
92271	93601
92271	93701
93135	92076
93135	93601
93223	93601
92041	93601
92041	93210
92041	92076
92041	92596
92041	92326
92041	92114
93661	93273
93661	93368
93661	93601
93661	93210
92661	93601
93366	92037
93366	93258
93366	93601
92806	92037
92806	93601
92636	93235
92636	93601
92636	92855
92636	93210
93464	92076
93464	93601
92065	92076
92065	93601
92065	93210
92187	92076
92187	93601
92187	92852
93685	92076
93685	93601
93387	92037
93387	93601
93387	93701
93743	93601
93743	93210
92482	93601
93640	93601
93640	93392
93331	93601
93115	93601
93115	92855
93115	93210
92101	92076
92101	93601
92101	92852
92101	92693
91922	92076
91922	93601
92029	92076
92029	93601
92655	93273
92655	93368
92655	93601
92655	93210
93787	93601
93787	93210
93703	92037
93703	93601
93703	93690
93703	92056
93703	92944
93703	92595
93703	93129
93479	93601
92877	93601
92877	92727
92877	92513
92877	92323
92877	93210
92877	92076
92877	92114
92392	93601
92392	92513
92392	92323
92392	93210
92392	92076
93516	93601
93516	92513
93516	92855
93516	93210
93516	92076
93516	91944
93516	92842
92144	92037
92144	93601
92144	93690
92038	93601
92038	93210
92038	92076
92038	92326
92038	92114
92137	92076
92137	93601
92370	92076
92370	93601
93066	93601
93066	92114
93066	93210
93471	92479
93471	93601
93471	93077
93471	92855
93471	93210
93471	92076
92009	92479
92009	92076
92009	93601
93442	92037
93442	92486
93442	93601
93495	93601
93448	92786
93448	92076
93448	93601
93448	92937
92496	92076
92496	93601
92854	93601
92018	92596
92018	93601
92018	92114
92018	93210
93745	92037
93745	93601
93745	93690
92134	93601
92134	93368
92134	93210
92037	93601
93390	93601
93390	93690
92060	93601
92060	93392
91912	93601
93800	93601
93800	93690
93199	93601
93199	93368
93199	93210
93050	92076
93050	93601
93321	93601
92524	93601
92524	92114
92524	93210
93532	93601
93532	93210
93532	92076
93532	92372
93532	92114
93385	93601
93385	92855
93385	93210
93385	92076
93385	93378
93340	93601
92339	92479
92339	92076
92339	93601
92027	92076
92027	93601
92027	92852
92027	92693
92532	93601
92532	92114
92532	93210
93451	92076
93451	93601
93451	92852
93451	93210
92049	93601
92347	93601
92347	92114
92347	93210
93266	93601
93266	93288
93266	92855
93266	93210
93266	92076
92295	93601
93575	93601
93575	93210
92298	92037
92298	93601
93621	93601
93621	93210
91918	92076
91918	93601
93151	93601
91907	93449
91907	92734
91907	93601
91907	93210
93287	92076
93287	93601
91949	92037
91949	93601
91949	92845
93036	92076
93036	93601
93036	92114
93036	93210
93403	93601
93583	93601
93583	93210
93583	92076
93583	92326
93583	92114
92409	93601
92409	92114
92409	93210
92344	93601
92659	93601
92659	93210
92995	93601
92995	92062
92002	92037
92002	93601
92002	93690
92319	93601
93503	93601
93503	92114
93503	93210
92905	93601
92905	92114
92905	93210
93205	92037
93205	93601
93205	93690
92000	92037
92000	92058
92000	93601
93144	93601
93144	93368
93144	93210
93352	93601
93352	93210
93352	92076
93352	92596
93352	92326
93352	92114
92296	92479
92296	92076
92296	93601
92976	93601
92591	92076
92591	93601
92284	93601
92284	92114
92284	93210
92698	92076
92698	93601
93077	93601
93077	92855
93077	93210
92379	92076
92379	93601
93319	93601
93328	93601
93328	92114
93328	93210
92625	93601
92625	92114
92625	93210
93101	93601
93305	92037
93305	92058
93305	93601
91931	93171
91931	93601
91931	93690
92599	93601
92599	92072
92599	92300
92599	92730
92599	93467
92023	92037
92023	93601
92023	92595
92023	92944
92897	93601
92897	92114
92897	93210
91987	93601
91987	92114
91987	93210
91973	93601
91973	93690
93332	93601
93332	92855
93332	93210
93332	92076
93332	93378
93723	92037
93723	93601
93723	93690
93138	93601
93138	92513
93138	93210
93138	92076
93138	92669
92787	92300
92787	93601
92787	92072
93250	93601
92741	93601
92741	92114
92741	93210
93441	93601
91943	93601
92865	92037
92865	91969
92865	93601
92865	93690
93032	92076
93032	93601
93108	92596
93108	93601
93108	92114
93108	93210
92675	92037
92675	93601
92675	93690
92609	93601
92609	92114
92609	93210
92592	93601
92705	93601
92494	93601
92384	93601
92707	93601
92707	92114
92707	93210
93460	92076
93460	93601
92385	92076
92385	93601
93725	93171
93725	93601
93725	93690
93383	93601
93383	92114
93383	93210
92456	93601
92456	92114
92456	93210
92474	93601
92474	92114
92474	93210
93341	93601
93186	92786
93186	92076
93186	93601
93186	92937
91877	92037
91877	93601
91877	93690
93540	93601
92285	92037
92285	93601
91962	92037
91962	93601
91962	92770
91962	93271
93688	93601
93688	92513
93688	93210
93688	92076
93688	92542
93688	92669
93164	93601
91986	93601
91986	92062
93105	93625
93105	93601
93105	92076
93105	93142
92358	93601
92358	92114
92358	93210
93490	92076
93490	93601
92813	93601
93763	92037
93763	93601
92355	93601
93798	93601
93798	92855
93798	93210
93798	93288
92320	93601
92320	93368
92320	93210
92614	93171
92614	93601
92614	93690
92267	92037
92267	93601
92063	92479
92063	93601
92063	92381
92063	92693
92063	92513
92063	92323
92063	93210
92063	92076
92063	92852
92726	93601
92726	92114
92726	93210
92036	93601
92036	92062
93074	91998
93074	93601
93074	93392
92008	93601
92008	92114
92008	93210
92716	93601
92716	93368
92716	93210
92721	93601
92721	93210
92276	93601
92276	92114
92276	93210
93465	93601
93465	92693
93465	93210
93465	92076
93465	92852
93739	93601
93739	93690
91935	93171
91935	93601
91935	93690
92516	93601
92516	93210
92516	92076
92516	92596
92516	92326
92516	92114
93163	92076
93163	93601
93163	93210
92218	93601
93544	93601
93544	92114
93544	93210
92193	93601
92193	93210
92871	92037
92871	93601
92871	93690
93508	92076
93508	93601
93304	93601
93304	92114
93304	93210
93051	93601
93051	92114
93051	93210
91995	92479
91995	92076
91995	93601
93249	92076
93249	93601
93242	93601
93242	93690
93417	93601
93417	93210
93417	92076
93417	92326
93417	92114
93119	93601
93119	92513
93119	93210
93119	92076
93119	92617
93461	93601
93461	92072
93461	92300
93461	92730
93461	93467
92364	93601
92364	92727
92364	92513
92364	92323
92364	93210
92364	92076
92364	92852
92364	92114
92856	92076
92856	93601
92856	93210
92257	92076
92257	93601
92257	92852
92257	92693
93530	93601
92172	93601
92172	93210
92172	92076
92172	92326
92172	92114
93391	93601
93391	92114
93391	93210
92155	93601
92155	93368
92155	93210
93457	92076
93457	93601
93457	92114
93457	93210
92158	92037
92158	93601
92158	93690
91917	93601
91917	92114
91917	93210
92776	93601
92776	92114
92776	93210
92880	93601
93627	93601
93627	92114
93627	93210
92278	93601
92278	92114
92278	93210
92737	92037
92737	93601
92309	92479
92309	92381
92309	93601
92309	92083
92309	92693
92309	92513
92309	92323
92309	92855
92309	93210
92309	92076
92309	93378
92309	92852
93506	92037
93506	93601
93506	93690
92265	93601
93425	92037
93425	93601
93425	93690
93609	92076
93609	93601
93609	93210
91920	93601
91920	92727
91920	92513
91920	92323
91920	93210
91920	92076
91920	92852
91920	92114
91910	92037
91910	93601
91910	93690
92322	93601
93347	93601
92528	93601
92528	93368
92528	93210
93729	93601
93729	92114
93729	93210
93591	92381
93591	93601
93591	92693
93591	93210
93591	92076
93591	92852
93257	92037
93257	93601
93067	92037
93067	93601
93067	93690
93405	92381
93405	93601
93405	93210
93405	92076
93405	92852
92760	92381
92760	93601
92760	92083
92760	92693
92760	92855
92760	93210
92760	92076
92760	93378
92760	92852
91938	92037
91938	93601
92899	93601
92899	93392
92334	92076
92334	93601
92334	93210
93024	93601
92402	92037
92402	93601
92402	93690
92397	93601
92967	93601
92967	92114
92967	93210
92538	93601
92538	92114
92538	93210
92965	92154
92965	93058
92965	93601
93204	93601
93204	93210
93204	92076
93204	92326
93204	92114
92190	93601
92190	92114
92190	93210
93547	93601
93748	93601
93748	92114
93748	93210
92401	92596
92401	93601
92401	92114
92401	93210
92768	93601
93276	93601
92493	93601
92236	93601
92236	93210
92054	93601
92054	92076
92054	91944
93773	92037
93773	93601
93632	93428
93632	93601
93632	92114
93632	93210
93388	93601
93388	92114
93388	93210
93099	92037
93099	93601
93099	93690
93584	92037
93584	93601
93584	92142
93584	93690
92199	92300
92199	93601
92199	92072
92594	93058
92594	93601
92269	92076
92269	93601
92269	92114
92269	93210
92062	93601
91966	93601
91966	93210
92959	92076
92959	93601
93481	92154
93481	93058
93481	93601
92346	92479
92346	93601
92346	92381
92346	92693
92346	92513
92346	92323
92346	93210
92346	92076
92346	92852
92710	92381
92710	93601
92710	92693
92710	93210
92710	92076
92710	92852
92336	92037
92336	92074
92336	93601
92336	92944
93244	93601
93244	92855
93244	93210
92935	92139
92935	92076
92935	93601
93622	93601
93477	93171
93477	93601
93477	93690
92421	93601
92421	93210
92077	93625
92077	93601
92077	92076
92077	93142
92191	93601
92191	92114
92191	93210
93608	92037
93608	93601
92025	93601
92025	92114
92025	93210
92393	93449
92393	92734
92393	93601
92393	93210
92934	92076
92934	92727
92934	93601
91892	92037
91892	93601
92136	93210
92136	93601
92136	92855
92136	91876
92372	93601
92372	92114
92372	93210
92011	93601
92717	93601
92717	92114
92717	93210
93563	93601
92981	93601
92981	92513
92981	93210
92981	92076
92981	92542
92981	92669
93607	92037
93607	93601
92621	93601
92621	93077
92621	92855
92621	93210
92621	92076
92621	92852
92900	92479
92900	93601
92900	92381
92900	92693
92900	92513
92900	92323
92900	93210
92900	92076
92900	92852
92053	93601
92053	93368
92053	93210
93762	92076
93762	93601
93762	92852
93762	93210
93248	93601
93248	92114
93248	93210
93776	93601
93776	93210
92294	92381
92294	93601
92294	92693
92294	93210
92294	92076
92294	92852
92175	92037
92175	93601
92175	92944
93367	93601
93367	92114
93367	93210
92586	92076
92586	93601
92770	92037
92770	93601
92885	93601
92819	93601
92819	92114
92819	93210
92500	92076
92500	93601
92105	92037
92105	93601
92342	92390
92342	92495
92342	93601
92342	92072
93595	92037
93595	93601
93595	93690
91879	93625
91879	93601
91879	92076
91879	93142
92632	92479
92632	93601
92632	92381
92632	92693
92632	92513
92632	92323
92632	93210
92632	92076
92632	92852
92255	93601
92255	92855
92255	93210
92255	92076
92255	93378
92461	92590
92461	93601
92461	92072
92938	92076
92938	93601
92507	92037
92507	92422
92507	93601
93759	92076
93759	92727
93759	93601
93078	93601
93078	93210
93078	92076
93078	92326
93078	92114
93734	93601
92470	93601
92470	93210
92746	93601
92782	92076
92782	93601
93325	93601
93325	92114
93325	93210
92201	93171
92201	93601
92201	93690
93753	93601
93753	93077
93753	92855
93753	93210
93753	92076
93480	93601
93480	92513
93480	93210
93480	92076
93480	92542
93480	92669
92167	93601
92167	92083
92167	92855
92167	93210
92167	93378
93114	93601
93114	93210
93114	92076
93114	92326
93114	92114
93458	92037
93458	93601
93458	93701
92922	93601
91930	93601
91930	92114
91930	93210
93731	93171
93731	93601
93731	93690
91937	93601
92876	93171
92876	93601
92876	93690
93676	92787
93676	92300
93676	93601
93676	92072
92363	92076
92363	93601
92363	92114
92363	93210
93618	92037
93618	93601
93618	93701
93618	93690
91956	93601
91956	92072
92150	93601
92150	93368
92150	93210
93650	92076
93650	93601
92663	92596
92663	93601
92663	92114
92663	93210
93541	92076
93541	93601
93541	92114
93541	93210
92757	93601
92757	92114
92757	93210
93203	93601
93203	92114
93203	93210
93398	92037
93398	93220
93398	93601
92955	93601
92955	93210
92963	92037
92963	92486
92963	93601
93055	92076
93055	93601
93654	93601
92951	93058
92951	93601
92069	93601
92523	93601
93558	93273
93558	93368
93558	93601
93558	93210
92289	92479
92289	92076
92289	93601
92511	92037
92511	93601
92511	93690
92511	92142
92511	92440
92511	93701
92653	93601
92653	92114
92653	93210
92446	93601
92446	93210
93605	93601
93605	92855
93605	93210
93605	92076
93605	93378
92966	93601
92966	93210
92046	92037
92046	93601
92711	93625
92711	93601
92711	92076
92711	93142
91998	93601
91998	93392
92047	92037
92047	93258
92047	93601
92052	92037
92052	93601
92052	92142
92052	93690
93368	93601
93368	93210
92272	92037
92272	93601
92272	92944
92091	93601
91933	92076
91933	93601
92977	92479
92977	92076
92977	93601
93207	92037
93207	93601
93207	92595
93207	92944
92266	93601
92082	93601
92082	92802
93581	93601
93581	93210
92416	93601
92416	92114
92416	93210
93604	92076
93604	93601
93604	92114
93604	93210
92893	92076
92893	93601
92893	92852
92893	92693
93106	93601
93106	93428
93106	93210
93106	92076
93106	92372
93106	92114
93680	92037
93680	93601
93629	93601
93629	93210
93629	92076
93629	92326
93629	92114
93311	93601
93311	92114
93311	93210
93076	93601
93076	92114
93076	93210
92250	93601
93162	92037
93162	93601
93499	92037
93499	93601
93499	93690
93499	92046
92772	92076
92772	93601
92772	93210
93751	92076
93751	93601
93751	92114
93751	93210
93756	93601
93756	93368
93756	93210
93166	93601
93166	92114
93166	93210
92588	92076
92588	93601
92872	93601
92872	93210
92872	92076
92872	92372
92872	92114
92960	92037
92960	92583
92960	93601
93792	92037
93792	93601
93792	92142
93792	93690
92170	92076
92170	93601
92170	93210
92579	93601
93555	92037
93555	93601
93555	93701
92761	92076
92761	93601
93157	93601
92917	92513
92917	92076
92917	93601
92917	93210
92911	92076
92911	93601
93476	92037
93476	93601
93476	93690
92141	93601
92141	93300
92141	92072
92141	92590
93363	93601
93363	92114
93363	93210
92816	92037
92816	93601
92816	93612
92974	92037
92974	93220
92974	93601
93139	93601
92321	92037
92321	93601
93603	92076
93603	93601
93326	93449
93326	92734
93326	93601
93326	93210
93760	92076
93760	93601
93760	92114
93760	93210
92417	93601
93008	92037
93008	93601
92765	93601
92110	92076
92110	93601
93063	93601
93063	93210
93063	92076
93063	92372
93063	92114
93652	92037
93652	93601
93652	93690
92628	93601
92792	93601
92792	93210
91945	92037
91945	93601
92956	93601
92956	93690
93487	93601
93487	93210
93487	92076
93487	92326
93487	92114
92444	93601
92444	92114
92444	93210
93165	93601
93436	93601
92548	92037
92548	93258
92548	93601
91897	93601
93446	92076
93446	93601
93446	93210
93770	93601
93396	92786
93396	92479
93396	92076
93396	93601
93110	93601
93110	93690
91900	92076
91900	93601
92969	92076
92969	93601
92814	92381
92814	93601
92814	93210
92814	92076
92814	92852
93134	92037
93134	93601
93134	93690
93134	93129
93134	92944
92133	92037
92133	93258
92133	93601
92803	93273
92803	93368
92803	93601
92803	93210
92826	92139
92826	92076
92826	93601
93573	93601
93573	92513
93573	92855
93573	93210
93573	92239
93573	92076
93573	92617
93513	93601
93513	93368
93513	93210
92577	92037
92577	93601
92577	93612
92577	93690
92577	92325
92577	92944
93711	93601
93711	93210
92748	92479
92748	92076
92748	93601
93707	92076
93707	93601
92809	92076
92809	93601
92706	93601
92066	93601
93052	92037
93052	93601
93283	93601
93283	93210
93283	92076
93283	92372
93283	92114
92704	92037
92704	93601
92704	93524
92704	92349
93023	92037
93023	93601
93023	93612
93023	93690
92241	93601
92944	92037
92944	93601
92283	92173
92283	93601
92283	93368
92283	93210
92283	93273
93660	93601
93660	93225
93660	93392
92341	93601
92341	92114
92341	93210
93230	93601
93230	92114
93230	93210
93467	92300
93467	93601
93467	92730
93467	92072
92475	93210
92475	93601
92475	92855
92475	91876
93497	93601
93497	92693
93497	93210
93497	92076
93497	92852
92811	92037
92811	93601
92811	93690
92568	93601
92568	92114
92568	93210
93168	93601
93168	93210
92947	93601
92947	93210
93456	92076
93456	93601
92978	93601
92978	92114
92978	93210
91895	93601
91895	92114
91895	93210
91878	93171
91878	93601
91878	93690
93370	93601
93370	92114
93370	93210
92291	92076
92291	93601
92620	92076
92620	93601
91969	92037
91969	93601
93111	93601
93111	93210
93111	92076
93111	92372
93111	92114
93131	92037
93131	93258
93131	93601
92830	92300
92830	93601
92830	92072
93649	93601
93649	92083
93649	92855
93649	93210
93649	93378
93597	92037
93597	93601
93597	93690
93761	92037
93761	93601
93761	93690
92124	93601
92124	93210
92124	92076
92124	92326
92124	92114
92957	92037
92957	93601
92957	92770
92957	93271
93553	93601
93553	93368
93553	93210
92521	92037
92521	93601
92521	93701
92521	93690
93000	92513
93000	92076
93000	93601
93000	93210
92794	92381
92794	93601
92794	93210
92794	92076
92794	92852
92131	93601
92131	92062
92131	93690
92460	93601
92460	93210
92509	92076
92509	93601
92423	93601
92423	92898
92423	92581
92325	92037
92325	93601
92904	93601
92904	92114
92904	93210
92382	93601
92382	93210
92382	92076
92382	92326
92382	92114
92405	93601
92405	92855
92405	93210
93681	93270
93681	93601
92680	93601
92680	93225
92680	93392
93746	93601
93746	93210
93746	92076
93746	92596
93746	92114
93241	92037
93241	93601
93241	93690
92759	92037
92759	93601
92759	93755
93432	93058
93432	93601
92563	93601
92563	93210
93362	92037
93362	93601
92714	93601
92714	93210
93712	92037
93712	93601
91888	93449
91888	92734
91888	93601
91888	93210
93081	93601
93081	92114
93081	93210
93659	93601
93659	92231
93659	92072
92132	93601
92132	92114
92132	93210
93428	93601
93428	92114
93428	93210
92869	92076
92869	93601
92583	92037
92583	93601
92451	93601
92451	92114
92451	93210
93141	92076
93141	93601
93141	92114
93141	93210
93376	92037
93376	93601
93376	93612
93376	93690
93376	92325
93376	93129
93245	93601
93124	93601
93124	93288
93124	92855
93124	93210
93124	93798
92775	92076
92775	93601
92775	92852
92775	93210
92962	92037
92962	93601
92962	93612
92962	93220
92962	92944
93026	93601
93026	92114
93026	93210
92836	92037
92836	93601
92836	93701
92887	93601
93221	92076
93221	93601
93462	92037
93462	93601
93462	93690
93523	93601
93523	92114
93523	93210
91886	92479
91886	92076
91886	93601
93215	93601
93215	93210
93215	92076
93215	92596
93215	92326
93215	92114
92429	93601
92429	92114
92429	93210
93429	93601
93429	93000
93429	92513
93429	93210
93429	92076
92129	93171
92129	93601
92129	93690
92502	93601
92502	93210
92983	93601
92983	93392
92219	92037
92219	93601
92219	93690
92590	93601
92590	92072
92479	92076
92479	93601
92781	93601
92781	93057
92781	92513
92781	93210
92781	92076
91970	93601
91970	93210
92559	93601
92559	92114
92559	93210
92982	92037
92982	92697
92982	93601
92982	93690
93694	92037
93694	93601
93296	93601
93296	93210
93296	92076
93296	92372
93296	92114
92610	92037
92610	93601
92810	93601
92810	93210
92622	92037
92622	93601
92622	93690
92750	93601
93083	92037
93083	92074
93083	93601
93083	92944
92478	92037
92478	93601
92508	92037
92508	93601
93736	92037
93736	93601
92930	92037
92930	93601
92930	93690
92930	92595
92930	92944
93742	92866
93742	92076
93742	93601
92558	92037
92558	93601
92558	92142
92558	93690
92438	93601
92438	93210
92438	92076
92438	92326
92438	92114
92181	92076
92181	93601
92181	92852
92181	92381
93017	93601
93289	92076
93289	93601
93289	92114
93289	93210
92749	92076
92749	93601
92749	93210
91926	93601
91926	92114
91926	93210
92001	92037
92001	93601
92564	92381
92564	93601
92564	93210
92564	92076
92564	92852
93716	93601
92886	93601
92886	93210
92245	93601
93042	92076
93042	93601
93042	92852
93042	92693
92224	92076
92224	93601
92224	92114
92224	93210
92031	92037
92031	93258
92031	93601
92270	92037
92270	93601
93358	93601
92720	93601
93669	93601
92866	93601
92777	93601
92777	92855
92777	93210
92007	92076
92007	93601
92391	93601
92477	93118
92477	93601
93322	93601
93322	93690
92827	92037
92827	93173
92827	93601
93485	92037
93485	91969
93485	93601
92153	93601
92153	93210
92668	92596
92668	93601
92668	92114
92668	93210
92525	92076
92525	93601
92945	93601
92439	93601
92439	93270
92439	92513
92439	93210
92439	93681
92439	92076
92439	92898
92439	92581
92439	92917
92985	92076
92985	93601
93505	93601
92612	93601
93445	93601
93445	92570
93445	92513
93445	93210
93445	92076
93794	92037
93794	93601
93794	93690
92874	91999
92874	93601
92874	92764
92282	93601
92282	93210
92531	91999
92531	93601
92531	92764
93698	92037
93698	93601
93698	92770
93698	93271
92288	92786
92288	92479
92288	92076
92288	93601
92420	93601
93256	93625
93256	93601
93256	92076
93256	93142
93520	93601
92239	93601
92239	92513
92239	92855
92239	93210
92239	92076
92239	92617
93334	93601
93334	92062
93409	93601
92189	93601
92326	92076
92326	93601
93038	93601
93038	92114
93038	93210
92061	93601
92061	93690
93014	93601
93014	93690
93744	92037
93744	93601
93744	92944
93744	93690
93579	93601
93579	92114
93579	93210
92169	92076
92169	93601
92169	92852
92169	93210
93684	93625
93684	93601
93684	92076
93684	93142
92163	93601
92163	92114
92163	93210
92312	92076
92312	93601
91996	93601
93336	93601
93336	92513
93336	92323
93336	93210
93336	92076
93196	92037
93196	93601
92140	92037
92140	93601
92140	93690
93538	92037
93538	93601
93538	93690
93602	93601
92122	93601
92122	93288
92122	92855
92122	93210
92122	92076
93492	93601
93492	93210
93619	92037
93619	93601
93261	93601
93261	93210
93206	93601
92437	92037
92437	93601
92437	93690
92437	92595
92437	92944
93285	92037
93285	93601
93285	93701
92820	92037
92820	93601
92820	93690
92368	93601
92368	93210
92368	92076
92368	92326
92368	92114
92780	93601
92780	93690
93255	93601
93255	93057
93255	92513
93255	93210
93255	92076
93459	93601
93459	92114
93459	93210
92882	93428
92882	93601
92882	92114
92882	93210
93772	92037
93772	93601
92802	93601
92937	92786
92937	92076
92937	93601
93279	93601
92743	92037
92743	93601
92743	93207
92743	92595
92743	92944
92629	93601
92629	92114
92629	93210
92279	92076
92279	93601
92892	92076
92892	93601
92892	92852
92892	93210
92005	92786
92005	92479
92005	92076
92005	93601
92035	93601
92035	93225
92035	93392
93073	92076
93073	93601
92157	92037
92157	93601
92157	92142
93778	92037
93778	93258
93778	93601
92462	93601
92462	92855
92462	93210
93611	93601
93611	92114
93611	93210
92311	92513
92311	92076
92311	93601
92311	93210
93721	93601
93721	93210
93721	92076
93721	92326
93721	92114
92040	92076
92040	93601
92468	92037
92468	93601
92468	93690
92603	92076
92603	93601
92603	92114
92603	93210
91989	93601
91989	92114
91989	93210
93102	93601
93102	93077
93102	92855
93102	93210
93102	92076
92812	93601
92812	92062
92812	93690
92630	93601
92630	92114
92630	93210
92725	92596
92725	93601
92725	92114
92725	93210
92695	92037
92695	93601
92695	93690
93069	92076
93069	93601
93355	92076
93355	93601
92921	93601
93107	92300
93107	93601
93107	92072
93507	93601
93507	93210
92672	93601
92672	92114
92672	93210
92232	92076
92232	93601
92684	92076
92684	93601
92684	92852
92684	92693
92020	93601
92020	92114
92020	93210
91976	92037
91976	93601
92253	92037
92253	93601
92253	93772
93394	93601
93394	92114
93394	93210
93147	93238
93147	93601
93147	93270
93117	93601
93117	93210
93117	92076
93117	92326
93117	92114
92831	92037
92831	93601
92831	93690
92058	92037
92058	93601
92078	92037
92078	93601
93740	92076
93740	93601
93740	92852
93740	92693
93214	93601
93214	92114
93214	93210
93715	93601
93715	92114
93715	93210
91911	93210
91911	93601
91911	92855
91911	91876
92317	93601
92317	92513
92317	93550
92317	93210
92317	92076
93384	92076
93384	93601
92987	92076
92987	93601
92581	93601
93308	93601
93308	92114
93308	93210
92961	93601
92961	92114
92961	93210
92148	93601
92148	93210
92148	92076
92148	92326
92148	92114
92366	92037
92366	93601
93005	93601
91974	92037
91974	93601
91974	93701
91974	93690
92730	92300
92730	93601
92730	92072
92004	93601
92004	92727
92004	92513
92004	92323
92004	93210
92004	92076
93568	92590
93568	93601
93568	92072
92972	93601
92972	92114
92972	93210
92984	93601
92984	93288
92984	92855
92984	93210
92984	92076
92469	93601
92469	92114
92469	93210
92466	93601
92466	92114
92466	93210
93275	92076
93275	93601
93275	92852
93275	93210
93089	92479
93089	92076
93089	92326
93089	93601
93197	93601
93197	93690
91985	93601
91985	92114
91985	93210
92793	93601
92793	93210
93313	93601
93313	93210
93313	92076
93313	92326
93313	92114
92923	92076
92923	93601
92923	92114
92923	93210
92240	92413
92240	91999
92240	93601
92240	92764
93795	93601
93795	92114
93795	93210
92825	92037
92825	92697
92825	93601
92825	93690
93282	93601
93282	92062
93282	93690
92116	93601
92116	93057
92116	92513
92116	93210
92116	92076
93653	92037
93653	93601
93247	92037
93247	93601
93247	92944
93735	92076
93735	93601
93735	93210
92427	92037
92427	93601
92427	92093
92427	92142
92427	92440
92427	93701
92692	93601
92692	93210
93561	93601
92104	93601
92104	92114
92104	93210
93423	93601
93423	92727
93423	92513
93423	92323
93423	93210
93423	92076
93072	92037
93072	93601
93072	93690
93766	93601
93766	92311
93766	92513
93766	93210
93766	92076
92973	93601
92973	93210
92766	92037
92766	93601
92766	93690
92453	93601
92453	93368
92453	93210
92658	92154
92658	93601
91891	93601
91881	93601
92685	93601
92685	92114
92685	93210
93009	92037
93009	93601
93071	93601
93071	92114
93071	93210
92718	93601
93246	93601
93246	93210
93246	92076
93246	92326
93246	92114
93173	92037
93173	93601
92799	93601
92799	93210
92799	92076
92799	92326
92799	92114
92481	93601
92481	92114
92481	93210
93738	92037
93738	93601
93738	93690
93225	93601
93225	93392
93511	92037
93511	93601
93511	93690
92120	92037
92120	93601
92120	93690
93056	92076
93056	93601
93116	93601
93116	93210
93646	92037
93646	93601
92258	93601
93790	92037
93790	93258
93790	93601
91909	92037
91909	93601
91909	92802
91909	93690
92107	93601
92233	93601
92233	92114
92233	93210
92034	93601
92034	92114
92034	93210
93338	92513
93338	92076
93338	93601
93338	93210
92908	93601
93140	92381
93140	93601
93140	93210
93140	92076
93140	92852
93146	92037
93146	93601
93146	93690
93373	93601
93373	93210
93373	92076
93373	92326
93373	92114
92080	92076
92080	93601
92679	92037
92679	93601
92679	93690
93293	92300
93293	93601
93293	92730
93293	92072
92884	92381
92884	93601
92884	93210
92884	92076
92884	92852
92790	92037
92790	92697
92790	93601
92790	93690
93323	93664
93323	91999
93323	93601
92275	93601
92275	92114
92275	93210
92669	92513
92669	92076
92669	93601
92669	93210
92084	92037
92084	93601
93780	93601
93780	92114
93780	93210
93040	91999
93040	93601
92641	93449
92641	92734
92641	93601
92641	93210
93386	93118
93386	93601
93091	93601
93091	92114
93091	93210
93335	93601
92681	92076
92681	93601
92223	92300
92223	93601
92223	92072
93155	93601
93155	93210
93155	93690
93098	92037
93098	92422
93098	93601
92656	93601
92656	93225
92656	93392
93136	93601
93136	92311
93136	92513
93136	93210
93136	92076
93212	92076
93212	93601
93212	92852
93212	93210
92868	93058
92868	93601
91977	93601
91977	92114
91977	93210
93519	92037
93519	93220
93519	93601
93061	92076
93061	93601
93061	92852
93061	92381
93504	92037
93504	92697
93504	93601
93504	93690
91984	92076
91984	93601
91964	92076
91964	93601
92740	92076
92740	93601
92752	93601
91982	92037
91982	93601
92615	93601
92615	92114
92615	93210
93576	92154
93576	93601
93424	93601
93424	93210
93413	92076
93413	93601
93413	92114
93413	93210
92949	92037
92949	93258
92949	93601
93213	92076
93213	93601
93213	92852
93213	93210
92277	93601
92277	93392
92202	92076
92202	93601
93272	92037
93272	93601
93272	93690
93327	93601
93327	92114
93327	93210
93635	92037
93635	92697
93635	93601
92300	93601
92300	92072
92287	93601
92510	93601
92510	92114
92510	93210
92602	93601
92602	92114
92602	93210
93047	93601
93047	93210
93047	92076
93047	92326
93047	92114
92617	92513
92617	92076
92617	93601
92617	93210
92860	92037
92860	93601
92860	93207
92860	92845
92860	92595
92860	92944
92676	93171
92676	93601
92676	93690
93027	92076
93027	93601
93587	93601
93587	92114
93587	93210
92471	92596
92471	93601
92471	92114
92471	93210
93375	92037
93375	93601
92349	92037
92349	93601
92349	93524
92331	92076
92331	93601
93470	92076
93470	93601
93312	93601
93482	93601
93482	92114
93482	93210
93082	92037
93082	93601
93082	92944
93082	93690
92252	92037
92252	93601
92252	93690
92252	92325
92252	93129
91924	93601
91924	92513
91924	92855
91924	93210
91924	93516
91924	92076
91924	91944
91924	92842
93357	93601
93644	93601
93158	93601
93158	93210
93689	93601
93689	93210
93689	92076
93689	92326
93689	92114
93142	93601
93142	92076
93142	93625
92997	93601
93699	92479
93699	92076
93699	93601
93638	92076
93638	93601
92600	92037
92600	93601
92304	92381
92304	93601
92304	92693
92304	93210
92304	92076
92304	92852
92839	92076
92839	93601
93628	93601
93628	92114
93628	93210
93118	93601
92411	93601
92411	93210
92411	92076
92411	92326
92411	92114
93374	92037
93374	93601
92387	92037
92387	93601
92387	93690
91940	93601
91940	93210
91940	92076
91940	92326
91940	92114
93675	93601
93675	92114
93675	93210
92184	93601
93764	93601
93764	92114
93764	93210
93426	92076
93426	93601
92264	93601
93468	93601
93468	93690
93087	92037
93087	93220
93087	93601
92016	93601
92016	93690
92235	93601
92235	92114
92235	93210
92815	93601
92815	92513
92815	92323
92815	93210
92815	92076
93228	92076
93228	93601
93228	92852
93228	92693
91929	92037
91929	91969
91929	93601
91929	93690
93782	93601
93782	92114
93782	93210
92547	92037
92547	91969
92547	93601
92547	92845
92547	92595
92547	92944
92686	92037
92686	92422
92686	93601
93574	93601
93574	92114
93574	93210
92998	92037
92998	93601
92998	92062
92924	92037
92924	91969
92924	93601
93400	93601
93400	92114
93400	93210
93012	92076
93012	93601
93012	92114
93012	93210
92861	93273
92861	93368
92861	93601
92861	93210
92784	92037
92784	93601
93439	93171
93439	93601
93439	93690
91957	93601
91957	92114
91957	93210
92522	93601
92357	93601
92357	93288
92357	92855
92357	93210
92357	93798
93175	93601
93175	93210
93356	92076
93356	93601
93133	93601
93133	92114
93133	93210
92308	93601
92308	92114
92308	93210
92059	92037
92059	91969
92059	92486
92059	93601
93642	92076
93642	93601
93663	93601
93663	93210
93663	92076
93663	92372
93663	92114
92946	92596
92946	93601
92946	92114
92946	93210
92207	93601
92207	92114
92207	93210
92459	93601
92459	92693
92459	93210
92459	92076
92459	92852
93708	93601
93708	93378
93708	92855
93708	93210
93562	92076
93562	93601
93348	93601
93348	93210
93348	92076
93348	92326
93348	92114
92093	92037
92093	93601
92093	93701
93590	92076
93590	93601
93590	92114
93590	93210
93710	92037
93710	93601
93551	93601
92067	93601
92067	92073
92067	92311
92067	92513
92067	93210
92067	92076
93706	92076
93706	93601
92221	93601
93161	92037
93161	93601
93161	93701
92399	93601
93791	93625
93791	93601
93791	92076
93791	93142
92244	92037
92244	93601
92244	92944
93548	93601
93548	92513
93548	92855
93548	93210
93548	93516
93548	92076
93548	91944
93548	92842
92108	93601
92108	93288
92108	92855
92108	93210
92108	92076
92108	92114
92906	93601
92906	92693
92906	93210
92906	92076
92906	92852
92763	93601
92618	92076
92618	93601
92943	93601
92943	93210
92430	93601
92430	93210
92920	93601
92881	93601
92881	92114
92881	93210
92739	92076
92739	93601
92739	92114
92739	93210
92149	92479
92149	93601
92149	92513
92149	92323
92149	93210
92149	92076
92149	92852
92520	92037
92520	91969
92520	93601
93380	93601
93380	92727
93380	93210
93380	92076
93380	92114
93181	93601
93181	92114
93181	93210
92247	92076
92247	93601
92247	92852
92247	92693
92536	93601
92536	93210
92261	92037
92261	93601
92566	93601
92566	93210
93104	92037
93104	93601
93060	92076
93060	93601
93060	92852
91903	93171
91903	93601
91903	93690
93700	92076
93700	93601
93700	93210
93112	93601
92626	93601
92894	92037
92894	93601
92894	93690
93016	93601
93016	93210
93016	92076
93016	92596
93016	92326
93016	92114
92606	93601
92606	93210
92606	92076
92606	92326
92606	92114
92303	92076
92303	93601
92303	93210
93088	93601
93150	92037
93150	93601
93150	93701
93483	93601
93483	93210
92762	92037
92762	93601
92762	93690
93531	93601
93531	93392
92753	93601
92753	92114
92753	93210
93422	93601
93422	93690
91965	92076
91965	93601
93281	92076
93281	93601
93517	93601
93517	92513
93517	92323
93517	93210
93517	92076
92988	93449
92988	92734
92988	93601
92988	93210
92928	93601
92928	92727
92928	93210
92928	92076
92928	92114
92407	93601
92407	92114
92407	93210
93617	92037
93617	93258
93617	93601
93741	93601
92205	93601
92205	93210
92205	92076
92205	92596
92205	92114
92584	92037
92584	93601
92125	92037
92125	93601
93022	93601
93022	92114
93022	93210
92850	93601
92850	93288
92850	92855
92850	93210
92850	92076
93159	93601
93159	92114
93159	93210
93360	92300
93360	93601
93360	92072
92324	92037
92324	93601
92324	93690
92324	92058
92324	92486
93732	93601
93346	93601
93346	92114
93346	93210
93297	92076
93297	93601
92664	92381
92664	93601
92664	93210
92664	92076
92664	92852
93302	93040
93302	92413
93302	91999
93302	93601
92573	92037
92573	93601
92573	93690
93556	93601
93556	93210
93556	92076
93556	92596
93556	92326
93556	92114
93125	93601
93125	92114
93125	93210
93180	93601
93180	93057
93180	92513
93180	93210
93180	92076
92660	93171
92660	93601
92660	93690
92697	92037
92697	93601
92769	93601
92769	93690
92769	93040
92769	91999
92769	92764
93774	93601
93774	92513
93774	92855
93774	93210
93774	93516
93774	92076
93774	91944
93774	92842
93300	92590
93300	93601
93300	92072
92414	93601
92549	93601
92549	93690
92639	93601
92639	93210
92611	93601
93020	92076
93020	93601
92585	93601
92979	93601
92554	92076
92554	93601
92389	93601
92389	92114
92389	93210
93598	92037
93598	93601
93598	92142
93598	93690
91896	93601
91896	92231
91896	92072
93019	93601
93019	93077
93019	92513
93019	93550
93019	92855
93019	93210
93019	92151
93019	92076
92852	92076
92852	93601
93452	93601
93452	93392
92019	93601
93364	92076
93364	93601
93364	92114
93364	93210
92964	93601
92964	92114
92964	93210
93580	93601
93726	93601
93726	93210
93003	93601
93003	92114
93003	93210
92932	92076
92932	93601
92898	93601
92898	92581
92727	92076
92727	93601
93270	93601
92450	93601
92450	92114
92450	93210
93777	93601
93777	92114
93777	93210
92161	93601
92161	92311
92161	92513
92161	93210
92161	92076
92526	92037
92526	93601
92526	92142
92526	92440
92526	93701
93678	93601
92783	92076
92783	93601
93229	93601
93229	92072
92857	93601
92857	92114
92857	93210
92517	92037
92517	93601
93539	93601
93539	93368
93539	93210
93160	92076
93160	93601
93160	93210
91952	92076
91952	93601
93128	93601
92619	92076
92619	93601
92619	92852
92619	92693
93021	92037
93021	93601
93021	93690
93251	93601
93251	93368
93251	93210
92165	92076
92165	93601
92165	92114
92165	93210
92268	93601
92268	93368
92268	93210
93179	92076
93179	93601
93179	92852
93179	92381
93687	93601
93687	93210
93224	93601
93224	93690
92099	93171
92099	93601
92099	93690
93577	93601
93577	92855
93577	93210
93577	93449
93577	92734
93577	93378
93236	92076
93236	93601
93236	92114
93236	93210
92200	93601
92200	93210
93194	92076
93194	93601
92088	92037
92088	93601
92088	93690
92489	92037
92489	93601
93478	93601
93075	92479
93075	93601
93075	92381
93075	92693
93075	92513
93075	92323
93075	93210
93075	92076
93075	92852
92623	93601
92623	92114
92623	93210
92519	92037
92519	93601
92519	92770
92519	93271
92024	92037
92024	93601
92535	93601
92535	93210
92535	92076
92535	92326
92535	92114
93469	92300
93469	93601
93469	92072
93697	93601
92146	92479
92146	92076
92146	93601
92804	92037
92804	93601
92804	92944
92804	93690
92028	92076
92028	93601
92798	92076
92798	93601
91901	93601
91901	92114
91901	93210
93585	92076
93585	93601
93585	92852
93585	92381
93006	92037
93006	93220
93006	93601
92057	93601
92057	92083
92057	92855
92057	93210
92057	93449
92057	92734
92057	93378
92902	93601
92902	92855
92902	93210
92902	93288
93262	93601
93262	92114
93262	93210
93182	93601
92215	92076
92215	93601
93090	93040
93090	91999
93090	93601
93090	92764
93727	93273
93727	93368
93727	93601
93727	93210
93596	93601
93596	92114
93596	93210
92575	93601
92575	93210
92575	92076
92575	92326
92575	92114
92413	91999
92413	93601
93306	93601
93306	93210
93671	92479
93671	92076
93671	93601
92154	93601
92651	92381
92651	93601
92651	92693
92651	93210
92651	92076
92651	92852
93785	93601
93785	92114
93785	93210
92797	93601
92797	92513
92797	92323
92797	93210
92797	92076
92398	93601
93278	92037
93278	93601
93278	93690
92503	93601
92503	93210
93183	93601
93183	92114
93183	93210
92220	92037
92220	93601
92870	92154
92870	93601
92994	93601
92994	92114
92994	93210
92785	93601
92785	92114
92785	93210
93217	92076
93217	93601
92441	93601
92441	93057
92441	92513
92441	93210
92441	92076
93533	93601
92375	93601
92696	93601
92696	92114
92696	93210
93686	93601
93686	92114
93686	93210
93309	92037
93309	93601
93309	93690
93419	92076
93419	93601
93419	93210
93502	93601
93502	92855
93502	93210
93031	92479
93031	92076
93031	93601
92026	92037
92026	93601
92026	93701
92026	93690
92735	93601
92735	93210
92735	92076
92735	92596
92735	92326
92735	92114
92333	93601
91997	93601
91997	93000
91997	92513
91997	93210
91997	92076
92433	93601
92433	93690
92593	93601
92915	92037
92915	93601
92915	93690
93198	93625
93198	93601
93198	92076
93198	93142
92771	93058
92771	93601
92838	93601
92838	92114
92838	93210
92030	92381
92030	93601
92030	93210
92030	92076
92030	92852
92014	92479
92014	93601
92014	92513
92014	92323
92014	93210
92014	92076
92014	92852
92853	92076
92853	93601
92230	92076
92230	93601
92833	92037
92833	93601
92833	93129
92822	93601
92822	92114
92822	93210
93473	93270
93473	93601
93473	92076
93473	93681
93416	93601
92171	93428
92171	93601
92171	92114
92171	93210
93758	93601
93758	93288
93758	92855
93758	93210
93758	92076
93758	92326
92139	92076
92139	93601
92702	93601
92702	92114
92702	93210
92463	93601
93188	93601
92087	93601
92087	92114
92087	93210
92072	93601
92637	93601
92345	92037
92345	93601
92345	93690
92942	93601
92942	93210
93049	92786
93049	92479
93049	92076
93049	93601
92950	92076
92950	93601
92851	93601
92851	92114
92851	93210
93267	93171
93267	93601
93267	93690
91959	93601
91959	92114
91959	93210
92302	92037
92302	92697
92302	93601
93301	93601
93301	92855
93301	93210
93301	91876
93301	92076
93301	92852
93690	93601
92674	93601
93582	92076
93582	93601
93582	92114
93582	93210
93260	93601
93260	93392
92527	92037
92527	93601
92527	92845
93722	93601
93518	93601
92971	93601
92971	92693
92971	93210
92971	92076
92971	92852
92879	93601
92879	93210
92534	92037
92534	92697
92534	93601
92534	92944
93349	93601
93349	92277
93349	93392
92650	93601
92650	92083
92650	92855
92650	93210
92650	92076
92650	93378
93365	92037
93365	93601
93365	93690
92751	92037
92751	93601
92751	93612
92751	92272
92751	92944
92313	92076
92313	93601
92313	92852
92313	92693
93783	92037
93783	91969
93783	93601
93783	93612
92045	92037
92045	93601
92045	93690
92045	92142
92045	92440
92045	93701
92505	93601
92505	93210
92505	92076
92505	92326
92505	92114
92569	93601
93488	92037
93488	93601
92847	92037
92847	93601
91993	92787
91993	92300
91993	93601
91993	92072
93724	92076
93724	93601
93569	92037
93569	93601
93569	92944
92638	92037
92638	93601
92646	92037
92646	93258
92646	93601
92948	93601
92948	92114
92948	93210
93080	92037
93080	93601
93080	93690
93589	93210
93589	93601
93589	92076
93589	91944
92195	93601
92195	92114
92195	93210
93252	93601
93252	93210
92464	93601
92464	92114
92464	93210
92209	93601
92209	93210
93453	92037
93453	91969
93453	93601
93453	93690
93728	92076
93728	93601
92501	92076
92501	93601
92501	92114
92501	93210
92212	93601
92212	92114
92212	93210
92214	93601
92214	92114
92214	93210
92689	92037
92689	93601
93054	93601
93054	93368
93054	93210
93054	93199
91950	92605
91950	93601
91950	92855
91950	93210
93407	93601
93407	93210
93407	92076
93407	92596
93407	92326
93407	92114
92186	93601
92667	93601
92667	92114
92667	93210
93667	93601
92100	93601
92100	92114
92100	93210
93092	92076
93092	93601
93092	92114
93092	93210
92627	93601
93401	93601
93401	92114
93401	93210
92166	92076
92166	93601
92837	92037
92837	93601
92837	92944
93395	92037
93395	93601
93395	93690
93395	92142
93395	92440
93395	93701
91932	92037
91932	93601
91932	93690
91932	92056
91932	92944
91932	92595
91932	93129
93239	92037
93239	93601
92914	92076
92914	93601
92914	92852
92914	93210
92940	92154
92940	93601
93626	92037
93626	93601
93626	93612
93626	92770
93626	93271
92701	93601
92701	92114
92701	93210
93730	92037
93730	93601
92849	93601
92211	93601
92211	92114
92211	93210
93369	93601
93237	93601
93237	92114
93237	93210
93496	93601
93496	92727
93496	93210
93496	92076
93496	92114
92348	92076
92348	93601
92472	93601
92472	93057
92472	92513
92472	93210
92472	92076
93011	92076
93011	93601
93011	92852
93011	93210
93057	92513
93057	92076
93057	93601
93057	93210
92643	93601
92643	92513
92643	92323
92643	93210
92643	92076
93235	93601
93235	92855
93235	93210
93430	93601
93430	93392
92152	92037
92152	93601
92152	92062
92152	93690
93324	92596
93324	93601
93324	92114
93324	93210
93291	93601
93291	93210
92546	93601
92546	92114
92546	93210
91942	93601
92332	92037
92332	93601
92332	93690
93035	93601
92818	92037
92818	93601
93292	93601
93292	93244
93292	92855
93292	93210
93554	92037
93554	93601
93554	93612
93030	93058
93030	93601
93103	93601
93103	93210
92114	93601
92114	93210
92424	92037
92424	91969
92424	93601
93412	92479
93412	92076
93412	93601
92480	93601
92480	92855
92480	93210
92480	91876
92480	92076
92480	92852
92817	93625
92817	93601
92817	92076
92817	93142
92855	93601
92855	93210
92081	92076
92081	93601
92991	93601
92832	93601
91902	92076
91902	93601
93097	92596
93097	93601
93097	92114
93097	93210
92952	93601
92952	93210
93600	92037
93600	93601
93600	93690
92767	92037
92767	93601
93109	93601
93109	93210
92657	92037
92657	93601
92657	92770
92657	93271
93559	92037
93559	93601
93559	93690
93550	92513
93550	92076
93550	93601
93550	93210
93353	92037
93353	93601
93353	93690
93222	93601
93222	92114
93222	93210
92359	92076
92359	93601
93123	92590
93123	93601
93123	92072
93184	92076
93184	93601
93184	92852
92400	92037
92400	93601
92400	93690
92687	92076
92687	93601
92541	93601
92541	93225
92541	93392
92378	92037
92378	93601
93268	92596
93268	93601
93268	92114
93268	93210
92557	92076
92557	93601
92694	93601
92694	92114
92694	93210
92404	92037
92404	93220
92404	93601
92513	92076
92513	93601
92513	93210
93028	92076
93028	93601
93028	92114
93028	93210
91946	92381
91946	93601
91946	93210
91946	92076
91946	92852
93673	93601
93673	93210
93673	92076
93673	92326
93673	92114
93271	92037
93271	93601
93271	92770
93528	93601
93528	92114
93528	93210
93339	93601
93339	93288
93339	92855
93339	93210
93339	92076
93339	93798
92807	93601
92807	92114
92807	93210
92755	92076
92755	93601
92755	92852
92845	92037
92845	93601
93578	92037
93578	93601
93578	93690
92021	92037
92021	93601
92883	93601
92883	92114
92883	93210
91941	92037
91941	93601
92543	93601
92543	93210
91936	93601
91936	93368
91936	93210
92330	93601
92587	92786
92587	92076
92587	93601
92587	92937
92338	92037
92338	93601
92338	93690
92662	93601
92662	93210
93120	93229
93120	93601
93120	92072
93438	92037
93438	93258
93438	93601
93361	93118
93361	93601
93361	93690
92708	92076
92708	93601
92042	93601
93121	92076
93121	93601
93670	93601
92089	93273
92089	93368
92089	93601
92089	93210
92843	93601
92843	93210
93320	93601
93320	92114
93320	93210
92374	92076
92374	93601
92499	93601
92499	93392
93666	92037
93666	93601
93666	92046
93714	92037
93714	93601
93714	93690
93679	93601
93679	92114
93679	93210
93717	93601
93717	93229
93717	93690
93717	92072
93717	91999
93717	92764
92249	92037
92249	91969
92249	93601
93343	93601
93343	93210
93343	92076
93343	92372
93343	92114
92126	93601
92126	93210
92126	92076
92126	92326
92126	92114
92142	92037
92142	93601
93084	93601
93084	93210
93254	92037
93254	93258
93254	93601
92160	93273
92160	93368
92160	93601
92160	93210
92828	92479
92828	92076
92828	93601
93750	93601
93750	93210
93750	92076
93750	92326
93750	92114
92111	92037
92111	93601
92111	92638
93565	93601
93565	92114
93565	93210
92217	93601
92217	93210
92217	92076
92217	92326
92217	92114
93062	92037
93062	93601
93062	93690
92556	93601
92556	93210
92556	92076
92556	92372
92556	92114
92380	92037
92380	92697
92380	93601
92821	92037
92821	92583
92821	93601
92544	93601
92544	93690
92095	93601
92095	93690
92452	93601
92452	92114
92452	93210
92231	93601
92231	92072
91954	93601
92465	93601
92465	93368
92465	92855
92465	93210
92465	92076
92465	92859
93317	92037
93317	93601
93317	93129
93317	93690
92613	92037
92613	93601
92555	93601
92555	93225
92555	93392
92174	92037
92174	92960
92174	92583
92174	93601
91953	92037
91953	93601
91953	93690
92925	93601
92925	92114
92925	93210
93093	93601
93093	93210
91963	92037
91963	93601
91963	93701
93010	93601
92728	91998
92728	93601
92728	93392
92530	93601
92530	93210
92530	92076
92530	92326
92530	92114
92299	92037
92299	93601
92299	92944
92388	93601
92388	93210
92352	92037
92352	93601
92352	93701
92352	93690
92572	92076
92572	93601
92079	93601
92079	93210
92079	92076
92079	92326
92079	92114
92665	93601
92665	92062
92665	93690
93013	93601
93013	92855
93013	93210
93013	91876
93013	93449
93013	92734
92791	93601
92203	92479
92203	92076
92203	93601
92164	93210
92164	93601
92164	92855
92164	93077
92262	93601
92889	93601
92875	93601
92875	92114
92875	93210
92744	93601
93316	93601
93630	93601
93630	92114
93630	93210
92975	93601
92975	93210
93771	93601
92788	93601
92788	92513
92788	92323
92788	93210
92788	92076
92096	93601
92096	93690
92529	93601
92529	93210
92919	92479
92919	92076
92919	93601
92864	93601
92864	92114
92864	93210
93767	93601
93767	93210
93767	92076
93767	92326
93767	92114
92156	93601
92156	92114
92156	93210
93567	93601
93567	92114
93567	93210
93129	92037
93129	93601
92445	92076
92445	93601
92445	92114
92445	93210
93444	93601
93444	92114
93444	93210
92916	93601
92916	92114
92916	93210
93625	92076
93625	93601
92292	92037
92292	93601
92292	93690
93303	93601
93303	93368
93303	93210
92484	93601
92484	93288
92484	92357
92484	92855
92484	93210
92484	93798
93263	93601
93263	92114
93263	93210
93431	93601
93431	93210
93431	92076
93431	92326
93431	92114
92113	93601
92113	92277
92113	93392
92634	92037
92634	93601
92634	93690
93399	93601
93399	93690
93571	93601
93571	93392
91893	92076
91893	93601
91893	92852
91893	92693
92323	92513
92323	92076
92323	93601
92323	93210
91955	93601
93691	92037
93691	93601
93691	92845
92542	93601
92542	92513
92542	93210
92542	92076
92542	92669
92071	93601
92071	92114
92071	93210
92075	92037
92075	93601
92075	93701
92515	93601
92515	93392
93137	92037
93137	93601
93137	92845
93588	92037
93588	91969
93588	93601
93588	93690
92491	92037
92491	92325
92491	93601
92491	93690
92128	92037
92128	93601
92367	92037
92367	93601
92367	93690
93466	93601
93466	93210
93718	93601
93434	93601
93434	93210
93434	92076
93434	92326
93434	92114
92448	92037
92448	92422
92448	93601
92194	92037
92194	93601
92194	93701
93455	93601
93455	93210
93633	92037
93633	93220
93633	93601
92722	93601
92722	92114
92722	93210
92055	93601
92055	92693
92055	93210
92055	92076
92055	92852
93641	93601
93641	93210
91916	92076
91916	93601
93634	93601
93634	92114
93634	93210
93437	92076
93437	93601
91898	92037
91898	93601
91898	93690
91988	93171
91988	93601
91988	93690
92734	93601
92734	93210
92578	93601
92578	92114
92578	93210
93294	93601
93294	92062
92216	92076
92216	93601
92216	92852
92216	92381
93238	93270
93238	93601
93130	92076
93130	93601
93130	92852
93130	92381
92835	93601
93674	92037
93674	93601
93674	93690
92210	93449
92210	92734
92210	93601
92210	93210
93351	92037
93351	93601
92022	92076
92022	93601
93315	92037
93315	93601
93029	92037
93029	93601
93029	93690
92567	93601
92567	93210
93749	92037
93749	93601
93749	92944
92123	92037
92123	93601
92123	93690
92412	92037
92412	93601
91971	92037
91971	92583
91971	93601
93048	93601
93048	92114
93048	93210
93636	92037
93636	93601
93636	93690
92595	92037
92595	93601
92595	92944
93233	93601
93233	93210
93233	92076
93233	92596
93233	92326
93233	92114
92449	92076
92449	93601
93259	93601
93631	93601
93631	93690
91906	93601
91906	92855
91906	93210
92723	93601
92723	93210
93775	93601
93775	93210
92888	92037
92888	91969
92888	93601
91948	93601
91948	93210
92381	92076
92381	93601
92381	92852
92361	93601
92361	92114
92361	93210
92185	92076
92185	93601
92010	93601
93450	93601
93450	93210
93450	92076
93450	92326
93450	92114
92310	93601
92310	93690
93620	93601
93620	92114
93620	93210
92560	92076
92560	92727
92560	93601
92340	93601
93068	93601
93068	93210
93068	92076
93068	92326
93068	92114
92800	92076
92800	93601
92256	93058
92256	93601
92396	93601
92351	93601
93418	93601
93418	93225
93418	93392
93515	93625
93515	93601
93515	92076
93515	93142
93475	92076
93475	93601
93475	93210
93216	92037
93216	93601
93216	93690
93522	92076
93522	93601
92601	92076
92601	93601
93329	92037
93329	93601
93329	93690
93329	92058
93329	92486
91992	93601
91992	92114
91992	93210
93552	93601
93552	92114
93552	93210
92666	93601
92666	93210
92666	92076
92666	92372
92666	92114
93065	92076
93065	93601
93065	92852
93065	93210
92996	92037
92996	93173
92996	93601
93719	92076
93719	93601
93572	93601
93572	92114
93572	93210
92227	93171
92227	93601
92227	93690
93433	92037
93433	93601
93433	93701
93189	92037
93189	93601
93059	93601
93218	92076
93218	93601
93218	92852
93218	92381
91887	92037
91887	92074
91887	93601
91887	92944
93755	92037
93755	93601
93501	92381
93501	93601
93501	93210
93501	92076
93501	92852
92747	92076
92747	93601
92786	92076
92786	93601
93606	92037
93606	93601
93606	93690
92929	92381
92929	93601
92929	92693
92929	93210
92929	92076
92929	92852
92206	92076
92206	93601
93656	93601
93656	92693
93656	92076
93656	92852
93656	93184
93527	92037
93527	93601
93527	92845
93534	92037
93534	93601
92891	93601
93172	92037
93172	93220
93172	93601
93754	92479
93754	92076
93754	93601
93709	93449
93709	92734
93709	93601
93709	93210
92498	92037
92498	93601
92498	93524
92068	92037
92068	93601
92068	93612
92068	92770
92068	93271
92986	93601
92986	93210
91979	92076
91979	93601
91979	92852
91979	92693
92678	93601
92678	92114
92678	93210
93612	92037
93612	93601
93489	92076
93489	92326
93489	93601
91975	93601
91975	93210
91975	92076
91975	92372
91975	92114
92044	93601
93793	92037
93793	93601
93793	92056
93793	92595
93793	92944
91882	93601
91882	92513
91882	92323
91882	93210
91882	92076
91921	93601
91921	93210
91968	93601
91968	92114
91968	93210
92931	93601
92931	92114
92931	93210
92118	92076
92118	93601
93664	91999
93664	93601
92196	93601
92196	92855
92196	93210
92196	93288
93529	93171
93529	93601
93529	93690
92109	92037
92109	91969
92109	93601
92109	92046
92109	92944
93647	93601
93647	93368
93647	93210
93536	93601
93536	92693
93536	93210
93536	92076
93536	92852
93156	92596
93156	93601
93156	92114
93156	93210
92497	93601
92497	92855
92497	93210
92497	92076
92497	93378
92673	93601
92673	93690
92545	93601
92545	92114
92545	93210
93269	93601
93406	93171
93406	93601
93406	93690
92598	92076
92598	93601
92968	93601
92968	92513
92968	92323
92968	93210
92968	92076
92533	93601
92533	92114
92533	93210
92552	92037
92552	93601
92552	93690
92243	93601
92596	93601
92596	92114
92596	93210
92457	92037
92457	93601
92457	93612
92457	93690
92457	92325
92457	92944
93788	92037
93788	93601
93788	92056
93788	92595
93788	92944
92633	93601
92633	93690
93034	93601
93034	92114
93034	93210
92540	93601
92540	92114
92540	93210
93695	92076
93695	93601
93113	93601
93113	93210
92335	92037
92335	93601
93178	92076
93178	93601
93178	93210
92514	93601
92709	93601
92709	93368
92709	93210
93154	93601
93154	92114
93154	93210
91884	93171
91884	93601
91884	93690
93514	93601
93514	93210
93747	93601
92356	92786
92356	92479
92356	92076
92356	93601
92293	93601
92293	93210
91905	92037
91905	93601
91905	92770
91905	93271
91983	93601
91983	92513
91983	93210
91983	92076
91983	92542
91983	92669
93284	93601
93284	93690
92425	92381
92425	93601
92425	93210
92425	92076
92425	92852
92738	93601
92738	92114
92738	93210
92927	93601
92927	92114
92927	93210
92907	92076
92907	93601
93253	92076
93253	93601
93037	93449
93037	92734
93037	93601
93037	93210
93510	92037
93510	93220
93510	93601
93637	93601
93637	92114
93637	93210
92369	93601
92369	92114
92369	93210
92083	93601
92083	93378
92083	92855
92083	93210
93449	92734
93449	93601
93449	93210
92377	93273
92377	93368
92377	93601
92377	93210
93232	92037
93232	93601
93232	92770
93232	93271
93126	93601
93126	92114
93126	93210
93404	92037
93404	93601
93404	93701
93404	93690
92846	93601
91960	93601
91960	93210
92652	92076
92652	93601
92476	92037
92476	93601
92476	93220
92476	93524
92476	92349
92260	93601
92260	92114
92260	93210
92228	93601
92228	92114
92228	93210
91961	92076
91961	93601
91961	93210
92177	93601
92485	92037
92485	93601
92485	92770
92485	93271
92631	93601
92631	92513
92631	92855
92631	93210
92631	91876
92631	92076
92631	92589
92094	93601
92094	92114
92094	93210
93258	92037
93258	93601
93593	93601
93018	93601
93018	92114
93018	93210
92607	93601
92607	92114
92607	93210
92512	92037
92512	93601
92512	93701
92512	93690
93079	92037
93079	93601
93143	92037
93143	93601
92823	93601
92823	93210
93526	92076
93526	92326
93526	93601
93484	93601
93484	92076
93484	93625
93786	93601
93786	92114
93786	93210
93389	93601
93389	93368
93389	93210
93789	92076
93789	93601
93789	93210
91978	93601
91978	92114
91978	93210
92454	92479
92454	92076
92454	93601
92410	93601
92410	92114
92410	93210
92933	93601
93359	92596
93359	93601
93359	92114
93359	93210
92597	92037
92597	93601
93299	93601
93299	92114
93299	93210
92383	93273
92383	93368
92383	93601
92383	93210
93765	92479
93765	92076
93765	93601
92305	93601
92305	92083
92305	92693
92305	92855
92305	93210
92305	92076
92305	93378
92305	92852
92373	92037
92373	93601
92373	93690
92589	92513
92589	92076
92589	93601
92589	93210
92571	92037
92571	93601
92056	92037
92056	93601
92056	92595
92056	92944
93402	93601
93402	92513
93402	92855
93402	93210
93402	93516
93402	92076
93402	91944
93402	92842
91927	92037
91927	93601
91927	93690
93307	93601
93307	93077
93307	92855
93307	93210
93307	92076
92878	92037
92878	93601
92878	92142
93692	93601
93692	92114
93692	93210
92176	93601
92176	93210
93474	93601
93474	93210
92537	93601
92537	92114
92537	93210
93435	93601
92426	93601
92426	92311
92426	92513
92426	93210
92426	92076
93535	93601
93535	92513
93535	92323
93535	93210
93535	92076
93044	93601
92539	93171
92539	93601
92539	93690
92645	93601
92645	92114
92645	93210
93512	92381
93512	93601
93512	92693
93512	93210
93512	92076
93512	92852
93046	92076
93046	93601
93314	93601
93314	93210
93314	92076
93314	92596
93314	92326
93314	92114
93797	93601
93797	92855
93797	93210
93797	92076
93797	93378
92415	93601
92415	93690
92145	93601
93095	92076
93095	93601
92138	93601
92138	92114
92138	93210
93195	93601
92274	91999
92274	93601
92274	92764
92274	93690
92732	93601
92732	92513
92732	92323
92732	93210
92732	92076
93454	93601
93226	93601
92910	92076
92910	93601
92910	92852
92910	92693
91913	92037
91913	93258
91913	93601
92418	92037
92418	93601
93720	93601
93639	93601
93639	93288
93639	92855
93639	93210
93639	92076
91883	93601
91883	92114
91883	93210
92903	93601
92903	92114
92903	93210
92455	92076
92455	93601
93381	92037
93381	93601
93381	92142
93381	92440
93381	93701
92006	92076
92006	93601
92796	92154
92796	93601
93200	92037
93200	93601
93200	93690
92301	93601
92301	92114
92301	93210
92354	93601
92354	92114
92354	93210
92222	92076
92222	93601
92222	92114
92222	93210
91990	93601
91990	92114
91990	93210
93614	93601
93614	93210
93705	93601
93705	92855
93705	93210
93705	92076
93705	93378
93440	92076
93440	93601
92121	93601
92121	92570
92121	92513
92121	93210
92121	92076
93486	92037
93486	93601
91980	93601
91980	92114
91980	93210
92779	93601
92779	92114
92779	93210
91880	93273
91880	93368
91880	93601
91880	93210
93277	93171
93277	93601
93277	93690
92640	93210
92640	93601
92640	92855
92640	91876
91904	92037
91904	93601
91904	92147
93298	93601
93298	92114
93298	93210
92671	93601
93382	93601
93769	92076
93769	93601
93769	92852
93769	93210
91890	93601
91890	93368
91890	93210
93408	92037
93408	93601
93408	93701
93408	93690
93683	92037
93683	93601
93683	92062
93001	92037
93001	92074
93001	93601
93001	92944
92315	93270
92315	93601
92315	93681
92550	92037
92550	91969
92550	93601
93623	92076
93623	93601
93623	93210
93623	93690
92712	92076
92712	93601
92162	93601
92162	93368
92162	93210
93273	93601
93273	93368
93273	93210
92151	93601
92151	92513
92151	93550
92151	93210
92151	92076
92329	92037
92329	93601
92329	93690
92329	92770
92329	93271
93701	92037
93701	93601
93392	93601
92733	93601
92733	92802
93648	93601
92649	93601
92649	92114
92649	93210
92307	92076
92307	93601
91908	93601
91908	93690
91967	93601
91967	93210
91967	92076
91967	92326
91967	92114
93265	93601
93265	92114
93265	93210
93796	92037
93796	91969
93796	93601
93796	92845
92281	92037
92281	93601
92281	93701
92936	93601
92936	92114
92936	93210
92993	93601
92993	93210
92259	93601
