28551	27586
28551	27975
28551	28353
28551	27546
28440	27586
28440	28412
28440	28353
28103	28412
28103	27586
28103	27340
28103	28353
28103	27975
27700	28036
27700	28504
27700	27764
27700	28353
27935	28353
27962	27586
27962	28412
27962	28353
28358	28353
28294	28353
28294	28010
28294	27310
28077	27586
28077	28412
28077	28353
28596	27586
28596	28412
28596	28353
28043	28353
28043	28010
28043	27310
27385	28353
27385	27310
28119	28504
28119	28353
28119	28523
27682	28504
27682	28353
28321	28504
28321	28353
28321	27487
27406	27586
27406	28412
27406	28353
28027	27586
28027	28412
28027	28353
27853	27487
27853	28353
27853	28163
27854	27975
27854	28368
27854	28353
28156	27586
28156	27975
28156	28412
28156	28353
28365	28504
28365	28353
27391	27586
27391	28412
27391	28353
27417	27586
27417	28412
27417	28353
27602	28504
27602	28353
27602	28582
27419	28504
27419	28034
27419	28353
28478	28353
27779	27975
27779	28353
28118	27586
28118	27748
28118	27824
28118	28353
27549	27586
27549	28412
27549	28353
27322	27586
27322	28412
27322	28353
27510	28412
27510	27586
27510	27340
27510	28353
27510	27975
27465	28504
27465	28237
27465	28353
27465	27487
27383	28504
27383	28353
27383	27487
27939	27586
27939	27975
27939	28353
27998	27586
27998	28070
27998	28353
28191	27994
28191	27975
28191	27928
28191	27586
28191	28353
28191	27748
27594	27809
27594	27975
27594	28281
27594	28353
28592	28353
28592	27487
27881	28353
27881	27487
27482	28504
27482	28353
27482	27487
28581	27942
28581	27892
28581	28064
28581	28353
28581	28504
27767	27863
27767	27975
27767	28353
27905	28353
28230	28353
28230	28434
28149	27586
28149	28353
28196	27586
28196	28353
28196	28011
28196	28555
27765	28353
28285	28353
27722	28353
27722	28010
27722	28043
27722	27310
28438	27586
28438	28412
28438	28353
28009	28504
28009	27764
28009	28353
28009	27487
28493	28410
28493	27586
28493	27748
28493	28353
28488	28353
27512	27586
27512	28070
27512	28353
27921	28010
27921	27669
27921	28353
27921	27485
27921	27310
28394	28504
28394	27623
28394	28353
28394	27487
28050	28353
27692	27975
27692	27586
27692	27546
27692	28348
27692	28353
27692	27748
28416	27586
28416	28412
28416	28353
28223	28412
28223	27586
28223	27340
28223	28353
28223	27975
27886	27586
27886	28412
27886	28353
28111	27586
28111	28412
28111	28353
27348	27586
27348	28412
27348	28353
28362	28353
27811	27586
27811	28412
27811	28353
27646	28504
27646	28353
28125	28504
28125	28353
27493	27586
27493	28070
27493	27860
27493	28353
28599	27586
28599	28353
28473	27863
28473	27975
28473	27586
28473	28353
27673	27586
27673	28412
27673	28353
28582	28504
28582	28353
27909	28036
27909	28504
27909	27764
27909	28353
27592	28412
27592	27586
27592	27340
27592	28353
27592	27975
28500	28504
28500	28353
28310	28504
28310	28353
28310	28582
28372	27586
28372	28412
28372	28353
27542	28353
28152	27423
28152	27334
28152	28353
28152	27487
28152	28055
28392	27586
28392	28412
28392	28353
28374	28412
28374	27586
28374	27340
28374	28353
28374	27608
28374	27975
27399	28353
27399	28078
27399	27487
27845	28504
27845	28353
27845	28523
27527	28504
27527	28353
27527	27487
28367	28412
28367	27586
28367	27340
28367	28353
28367	27975
28403	28353
28403	28078
28403	27487
28174	27586
28174	27975
28174	28412
28174	28353
28574	27586
28574	28353
27951	27586
27951	27975
27951	28412
27951	28353
27825	27947
27825	28412
27825	27586
27825	28353
27825	27975
28533	28353
28533	27981
27819	27586
27819	28412
27819	28353
28080	27975
28080	28353
27648	27586
27648	28353
28228	27586
28228	28353
27536	27586
27536	28412
27536	28353
28100	27586
28100	28412
28100	28353
27842	28353
28502	28058
28502	28353
28502	27981
27834	28353
27834	28010
27834	27310
28154	28353
28423	28504
28423	28353
27643	28353
27643	27487
28013	28353
28013	28434
27431	27863
27431	27586
27431	28353
27431	27767
27431	27975
27431	28591
27688	27586
27688	28412
27688	28353
27815	28504
27815	28353
27815	27487
27601	27997
27601	28504
27601	28353
27395	28504
27395	28353
27395	27487
27810	27809
27810	27975
27810	28281
27810	28353
27384	27586
27384	28412
27384	28353
27345	27586
27345	28412
27345	28353
27327	27863
27327	27586
27327	28353
27327	27975
27327	28591
28088	27586
28088	27975
28088	28353
27915	28504
27915	28353
27915	27487
28388	27487
28388	28353
28388	28163
27494	28353
28580	28504
28580	28353
28580	28078
27780	27586
27780	28412
27780	28353
27616	27586
27616	28412
27616	28353
27922	27788
27922	28504
27922	28353
27924	28504
27924	28353
27324	28269
27324	27586
27324	27546
27324	28301
27324	27632
27324	28398
27324	28353
27324	27975
27324	28611
28047	27586
28047	28353
27830	28504
27830	28353
27830	28396
28402	28010
28402	28353
28402	27485
28402	28295
28402	27310
28139	27589
28139	27586
28139	28353
28139	27748
28139	27975
27519	27586
27519	27975
27519	28353
27844	27975
27844	28353
27703	28353
27619	27975
27619	28353
28002	28412
28002	27586
28002	27340
28002	28353
28002	27975
28208	27586
28208	28412
28208	28353
27581	27586
27581	28004
27581	27546
27581	27611
27581	28353
27581	27975
27789	27863
27789	27586
27789	28353
27789	27975
27789	28591
27516	27586
27516	28412
27516	28353
27884	27586
27884	28412
27884	28353
28274	28504
28274	27764
28274	28353
27449	27852
27449	28504
27449	28353
27472	27426
27472	27423
27472	28353
27942	28504
27942	28353
28114	28353
28053	27586
28053	27975
28053	28412
28053	28353
27930	28353
27930	27716
27930	27981
28426	27586
28426	28353
28023	28353
27978	28201
27978	28504
27978	28353
27978	27487
28430	28504
28430	28353
28430	28523
27424	27608
27424	27586
27424	28412
27424	28353
28201	28504
28201	28353
27613	27947
27613	28412
27613	27586
27613	27546
27613	27914
27613	28353
27613	27975
28133	27623
28133	27764
28133	28353
28133	27487
28133	28504
28081	28353
28007	27586
28007	28412
28007	28353
28452	27586
28452	28353
27887	27586
27887	28412
27887	28353
27976	27586
27976	28353
28526	28504
28526	28353
28526	27487
27589	27586
27589	27748
27589	28353
28127	27586
28127	28070
28127	28353
27937	28504
27937	28353
28506	27863
28506	27586
28506	28353
28506	27767
28506	27975
27873	27997
27873	28504
27873	28353
28377	27487
28377	28353
28377	28163
28098	27863
28098	27586
28098	28353
28098	27975
28098	28591
27490	28504
27490	28353
28476	27586
28476	27975
28476	28412
28476	28353
28313	27809
28313	27975
28313	28281
28313	28353
28499	27586
28499	28412
28499	28353
28250	27487
28250	28353
28250	28163
27946	28353
28299	27863
28299	27975
28299	27586
28299	28353
27596	28353
27596	27487
28361	28504
28361	28353
28361	27487
27624	27586
27624	27748
27624	27994
27624	28353
28212	27586
28212	27975
28212	28353
27753	27586
27753	28412
27753	28353
28016	27586
28016	28412
28016	28353
27376	28412
27376	27586
27376	27340
27376	28353
27376	27975
27450	28353
27882	28353
27882	27487
27680	27586
27680	27546
27680	27914
27680	28353
27680	27975
28516	28064
28516	28504
28516	28353
28516	27487
27986	27852
27986	28504
27986	28353
27524	27863
27524	27975
27524	27586
27524	28353
28120	27586
28120	27975
28120	28412
28120	28353
28364	27975
28364	28353
28356	28353
28356	28010
28356	27310
28296	27586
28296	28412
28296	28353
27724	28412
27724	27586
27724	27757
27724	28353
27724	27975
27552	27744
27552	27975
27552	28368
27552	28353
27543	28353
28158	28353
28158	28078
27534	28353
28348	27586
28348	27975
28348	28353
28348	27546
27379	27586
27379	28412
27379	28353
28327	28504
28327	28353
28035	28504
28035	28353
28035	27487
27752	27586
27752	28412
27752	28353
28215	28555
28215	27586
28215	27824
28215	28011
28215	28353
28215	27748
27867	27589
27867	28555
27867	27586
27867	28011
27867	28353
27867	27532
27867	27748
27484	28412
27484	27586
27484	27340
27484	28353
27484	27975
28531	28504
28531	28353
28531	28523
28459	28353
27408	28412
27408	27586
27408	27340
27408	28353
27408	27975
27513	27586
27513	27975
27513	28353
28295	27485
28295	28353
28295	28010
28295	27310
27653	28353
27639	28412
27639	27586
27639	27340
27639	28353
27639	27608
27639	27975
27430	27586
27430	28412
27430	28353
27443	28036
27443	28504
27443	27764
27443	28353
28193	28504
28193	28353
28193	27487
28070	27586
28070	28353
27658	27586
27658	27748
27658	27824
27658	28353
27917	28504
27917	28353
28535	27586
28535	28004
28535	27546
28535	27611
28535	28353
28535	27975
27709	28353
28564	28353
28564	27487
28613	27863
28613	27975
28613	27586
28613	28353
28262	27863
28262	27975
28262	27586
28262	28353
27350	28353
27350	28078
27350	27487
28058	28353
28058	27981
28186	27586
28186	27748
28186	28153
28186	28353
28457	27852
28457	28504
28457	28353
28307	27586
28307	28070
28307	27860
28307	28353
28587	28504
28587	27764
28587	28353
28505	27586
28505	28353
28558	28504
28558	28523
28558	28353
28558	27487
27708	27586
27708	28353
28532	28353
28532	27716
28532	27981
27730	28201
27730	28504
27730	28353
27730	27487
28063	27489
28063	27586
28063	27546
28063	28353
28063	28211
28063	27975
27746	27586
27746	28412
27746	28353
27995	27975
27995	28368
27995	28353
27771	27608
27771	27586
27771	28412
27771	28353
27897	28353
27897	27487
27313	28412
27313	27586
27313	27340
27313	28353
27313	27975
27444	27863
27444	27975
27444	28353
27444	27767
27769	28353
28408	28504
28408	28353
28408	27487
27529	27586
27529	28412
27529	28353
28192	27975
28192	28353
28510	28336
28510	28353
27996	27586
27996	27975
27996	28412
27996	28353
28523	28504
28523	28353
28409	27586
28409	28353
27652	28504
27652	27764
27652	28353
27685	27586
27685	27748
27685	27824
27685	28353
28129	27586
28129	28412
28129	28353
28407	27975
28407	28353
27326	27586
27326	28412
27326	28353
27948	28504
27948	28353
27838	28353
28515	28049
28515	27623
28515	28353
28515	27487
28515	28504
27456	27586
27456	28412
27456	28353
28437	27586
28437	28412
28437	28353
28052	27487
28052	28353
28052	28163
27739	27586
27739	28412
27739	28353
27553	28412
27553	27586
27553	27340
27553	28353
27553	27975
28004	27586
28004	27975
28004	28353
28004	27546
27329	27788
27329	28504
27329	28353
27676	28357
27676	28353
27676	27310
28206	28353
27439	28504
27439	28353
27743	28504
27743	28353
27743	27487
27973	27975
27973	28353
27906	28504
27906	27347
27906	28353
28113	28353
27548	27586
27548	28353
27781	27975
27781	28368
27781	28353
27615	27788
27615	28504
27615	28353
28082	27586
28082	28412
28082	28353
28393	28504
28393	28353
27720	28504
27720	27764
27720	28353
27720	27487
27666	27863
27666	27975
27666	28353
27666	27767
28207	27586
28207	28412
28207	28353
28539	27586
28539	28412
28539	28353
27477	27863
27477	27975
27477	28591
27477	28353
28189	28504
28189	27770
28189	28353
28008	27586
28008	27975
28008	28412
28008	28353
27778	28353
27817	28504
27817	27942
27817	28353
27817	27892
28203	28353
27865	27863
27865	27975
27865	27586
27865	27824
27865	28353
27865	27748
27728	28504
27728	28353
27728	27487
27315	28353
27315	27487
28335	27586
28335	28070
28335	28353
27471	27589
27471	27586
27471	28353
27471	27532
27471	27748
27611	27586
27611	28004
27611	27546
27611	28353
27611	27975
28366	27586
28366	28353
27964	27863
27964	27586
27964	28353
27964	27975
27964	28591
28508	27863
28508	27975
28508	27586
28508	28353
28144	27586
28144	28412
28144	28353
28175	28504
28175	28353
27362	28353
28224	27975
28224	28353
27806	28412
27806	27586
27806	27340
27806	28353
27806	27608
27806	27975
28260	27586
28260	28412
28260	28353
27762	27975
27762	28353
28190	27586
28190	28353
28062	28412
28062	27586
28062	27340
28062	28353
28062	27975
27926	28504
27926	27764
27926	28353
28197	27586
28197	28412
28197	28353
27349	28353
28253	28353
27866	27586
27866	28412
27866	28353
27630	27863
27630	27586
27630	28353
27630	27767
27630	27975
27630	28591
28604	28064
28604	28504
28604	28353
28604	27487
27936	28353
27600	28353
27600	27981
27475	27975
27475	28368
27475	28353
28401	28504
28401	28353
27365	27586
27365	27975
27365	28353
27365	27546
27428	27487
27428	28353
27428	28163
27829	28504
27829	28353
27829	28078
28317	28556
28317	27586
28317	27546
28317	28353
28317	27975
27776	28353
27776	28434
27784	28353
27784	27981
27544	27975
27544	28368
27544	27340
27544	28353
28238	27863
28238	27975
28238	28353
28524	27586
28524	28412
28524	28353
27377	27586
27377	27546
27377	27914
27377	28353
27377	27975
28576	27773
28576	28504
28576	27764
28576	28353
27410	28412
27410	27586
27410	27340
27410	28353
27410	27975
28314	27975
28314	28353
28436	27852
28436	28504
28436	28353
27999	28504
27999	28353
27999	28078
27416	27975
27416	28353
27387	27975
27387	28353
27670	27586
27670	27975
27670	28353
27670	27546
27320	27586
27320	28353
28521	28353
28521	27716
28521	27981
28248	27788
28248	28504
28248	28353
27744	27975
27744	28353
27693	28353
27693	27981
28567	28353
27511	28504
27511	28353
28061	28353
27479	27852
27479	28504
27479	28353
27773	28504
27773	27764
27773	28353
27862	28504
27862	28353
27862	27487
27916	27586
27916	28412
27916	28353
27366	28504
27366	28353
27687	27586
27687	27748
27687	28353
27687	27662
28545	28037
28545	28237
28545	28353
28545	27487
28545	27852
28545	28504
28297	27586
28297	27748
28297	27994
28297	28353
28251	28353
28170	27608
28170	27586
28170	28412
28170	28353
28522	28504
28522	28353
27918	28412
27918	27586
27918	27757
27918	28353
27918	27975
27961	28504
27961	28353
27961	27487
27606	27863
27606	27975
27606	28353
27606	27767
28072	27975
28072	27586
28072	27546
28072	27943
28072	28353
28072	27748
28072	27580
27896	27487
27896	28353
27896	28163
28051	27586
28051	28353
27856	27586
27856	28412
27856	28353
27564	28504
27564	28353
27718	27586
27718	28412
27718	28353
27446	27773
27446	28504
27446	27764
27446	28353
28454	27586
28454	28412
28454	28353
27360	27957
27360	28504
27360	28353
28410	27586
28410	27748
28410	28353
28602	27809
28602	27975
28602	28281
28602	28353
27530	27586
27530	28353
28256	27863
28256	27586
28256	28353
28256	27767
28256	27975
28608	27975
28608	28353
27805	27975
27805	28368
27805	28353
28601	27975
28601	28368
28601	28353
27742	28412
27742	27586
27742	27757
27742	28353
27742	27975
28536	27744
28536	27975
28536	28353
27775	28049
27775	28504
27775	28353
27775	27487
27587	28504
27587	28353
27587	27487
28360	27997
28360	28504
28360	28353
27584	28504
27584	28353
27808	28504
27808	27942
27808	28353
27808	27892
27852	28504
27852	28353
27911	27975
27911	28353
28414	27975
28414	28353
27628	27586
27628	28412
27628	28353
28211	27586
28211	27975
28211	28353
28211	27546
28020	27586
28020	28070
28020	28353
27433	27975
27433	28368
27433	28353
28527	27863
28527	27586
28527	28353
28527	27767
28527	27975
28527	28591
27392	27608
27392	27586
27392	28412
27392	28353
28304	28353
28304	27981
27979	28556
27979	27586
27979	27546
27979	28353
27979	27975
27777	28353
28579	27863
28579	27586
28579	28353
28579	27767
28579	27975
28579	28591
28064	28504
28064	28353
27710	28412
27710	27586
27710	27757
27710	28353
27710	27975
27702	27487
27702	28353
27702	28163
27757	27586
27757	28412
27757	28353
27786	27788
27786	28504
27786	28353
28425	27947
28425	28353
28425	28301
28425	28398
28425	27975
28057	28504
28057	28034
28057	28353
28090	28504
28090	28353
28090	27487
27957	28504
27957	28353
27418	27586
27418	27975
27418	28353
27418	27546
27403	27586
27403	28353
28108	28353
28105	27975
28105	28353
28234	27586
28234	28412
28234	28353
28328	27586
28328	28353
27977	28504
27977	28353
27977	27487
28514	27764
28514	28353
28514	27487
28514	27773
28514	28504
27679	28357
27679	28353
27679	27310
28341	27586
28341	27975
28341	28353
27491	27423
27491	27334
27491	28353
27590	27975
27590	28353
28246	28353
28151	28353
28427	27788
28427	28064
28427	27764
28427	28353
28427	28504
27661	28504
27661	28353
27750	28353
27885	28353
28320	27863
28320	27586
28320	28353
28320	27767
28320	27975
27843	28576
27843	27764
27843	28353
27843	27773
27843	28504
28182	28412
28182	27586
28182	27340
28182	28353
28182	27975
27899	27586
27899	28412
27899	28353
28026	27586
28026	28412
28026	28353
28340	27586
28340	27546
28340	28353
28340	28211
28340	27975
27919	28412
27919	27586
27919	27340
27919	28353
27919	27608
27919	27975
28303	27863
28303	27586
28303	28353
28303	27767
28303	27975
27627	27975
27627	28353
28001	27586
28001	27975
28001	28412
28001	28353
28412	27586
28412	28353
27970	27975
27970	28353
27447	28504
27447	28353
27447	27487
27470	27608
27470	27586
27470	28412
27470	28353
27950	28504
27950	28353
28095	28504
28095	28353
28482	28504
28482	28353
28482	28523
28550	28504
28550	28353
27316	28353
27316	28620
28528	28353
28148	28353
28311	28353
28311	28078
28332	27589
28332	28555
28332	27586
28332	28011
28332	28353
28332	27748
28091	28504
28091	28353
28091	27487
28153	27586
28153	27748
28153	28353
28032	28353
27965	27487
27965	28353
27965	28163
27701	28049
27701	28064
27701	27764
27701	28353
27701	27487
27701	28504
28300	27975
28300	28353
28541	27586
28541	28353
27966	27975
27966	28353
28424	27975
28424	28353
28112	28504
28112	28353
28112	27487
28216	28504
28216	28353
28216	28064
27355	27975
27355	28353
27638	27586
27638	28412
27638	28353
28404	28353
28509	27586
28509	27546
28509	28353
28509	27975
28509	27670
28244	28353
28134	27975
28134	28368
28134	28353
27814	28504
27814	28353
27814	27487
28429	28504
28429	28353
28429	27487
27787	28504
27787	28353
27787	28078
27787	27487
28054	28357
28054	28353
28054	27310
28456	27788
28456	28504
28456	28353
27914	27586
27914	27975
27914	28353
27914	27546
27822	27586
27822	28412
27822	28353
28316	27586
28316	28353
27876	28504
27876	27623
27876	28353
27876	27487
28187	27586
28187	28353
28265	27586
28265	28412
28265	28353
28548	28037
28548	28237
28548	28353
28548	27487
28548	27852
28548	28504
28213	28504
28213	28034
28213	27764
28213	28353
27525	28353
28554	27863
28554	27975
28554	28353
28554	27767
28411	27586
28411	27975
28411	28353
28010	28353
28010	27310
27634	28412
27634	27586
27634	27340
27634	28353
27634	27975
27506	28504
27506	28353
27506	27487
27382	28353
27382	27487
28160	28353
28267	27586
28267	28353
27875	27586
27875	28070
27875	28353
27875	28006
27800	28504
27800	28353
27393	27863
27393	27586
27393	28353
27393	27767
27393	27975
27436	28504
27436	27942
27436	28353
27436	27892
27758	27863
27758	27975
27758	28591
27758	28353
27794	27809
27794	27975
27794	28281
27794	28353
28570	27863
28570	27975
28570	28591
28570	28353
27591	27809
27591	27975
27591	28281
27591	28353
27342	27863
27342	27975
27342	28353
28106	27975
28106	28353
28434	28353
27851	28336
27851	28353
27605	27586
27605	28353
27760	27975
27760	28353
27712	27863
27712	27586
27712	28368
27712	27546
27712	27914
27712	28353
27712	27975
28384	27586
28384	28412
28384	28353
27802	27586
27802	28353
28549	27975
28549	28368
28549	28353
27514	27863
27514	27586
27514	28353
27514	27767
27514	27975
28168	27850
28168	27423
28168	28055
28168	28353
27614	28412
27614	27586
27614	27340
27614	28353
27614	27975
27476	28353
27644	27809
27644	27975
27644	28353
27975	28353
27904	27975
27904	28353
27427	27586
27427	28353
28221	27863
28221	27586
28221	28368
28221	27546
28221	27914
28221	28353
28221	27767
28221	27975
28221	28591
27908	28412
27908	27586
27908	27340
27908	28353
27908	27975
27982	27586
27982	28412
27982	28353
27804	28353
27804	27716
27804	27981
28513	27586
28513	28412
28513	28353
28264	28504
28264	27942
28264	28353
28264	27892
27575	28504
27575	28353
28501	28353
28012	28412
28012	27586
28012	27340
28012	28353
28012	27975
28490	27586
28490	28412
28490	28353
27859	28195
27859	27623
27859	27764
27859	28353
27859	27487
27859	27773
27859	28504
27754	28504
27754	28353
28102	27586
28102	28412
28102	28353
27629	27586
27629	27546
27629	27914
27629	28353
27629	27975
27895	27975
27895	28353
28399	27586
28399	28412
28399	28353
28571	27975
28571	28353
27913	27957
27913	28504
27913	28353
27913	28523
27357	28412
27357	27586
27357	27340
27357	28353
27357	27975
27990	27586
27990	28070
27990	28353
27610	28353
27610	27487
27695	28353
27636	28504
27636	28353
28275	28412
28275	27586
28275	27340
28275	28353
28275	27975
28369	27744
28369	27975
28369	28536
28369	28353
27422	27975
27422	28353
28209	28504
28209	28237
28209	28353
28461	27608
28461	27586
28461	28412
28461	28353
28017	27863
28017	27586
28017	28353
28017	27767
28017	27975
28291	28353
28291	27487
27579	27586
27579	28412
27579	28353
27367	27586
27367	27975
27367	28412
27367	28353
28375	27487
28375	28353
28375	28163
27659	27487
27659	28353
27659	28163
28107	27975
28107	28368
28107	28353
28115	27586
28115	27975
28115	28412
28115	28353
28270	27975
28270	28353
28485	27586
28485	28412
28485	28353
28083	27586
28083	27748
28083	27994
28083	28353
28135	27975
28135	28353
27460	28504
27460	28353
27554	27975
27554	28353
28033	27975
28033	28353
27425	27586
27425	27975
27425	28412
27425	28353
28350	27586
28350	28412
28350	28353
28350	27869
27343	28504
27343	28353
27343	27487
27705	27487
27705	28353
27705	28163
28553	27863
28553	27975
28553	27586
28553	28353
28076	28504
28076	28353
28076	28582
28503	27586
28503	28412
28503	28353
27824	27586
27824	27748
27824	28353
27333	27586
27333	27975
27333	28412
27333	28353
27364	28353
28263	27586
28263	28412
28263	28353
28239	28336
28239	28353
28239	28434
27726	28504
27726	28523
27726	28353
27726	27487
28315	28353
27559	28353
28597	27608
28597	27586
28597	28412
28597	28353
27934	27863
27934	27975
27934	28353
27934	27767
28003	27586
28003	27748
28003	28353
27733	27586
27733	28412
27733	28353
27690	27586
27690	28353
27690	28011
27690	28555
27671	28353
27319	27586
27319	27546
27319	27914
27319	28353
27319	27975
28355	28412
28355	27586
28355	27340
28355	28353
28355	27975
28222	28504
28222	28353
27338	27586
27338	28070
27338	27860
27338	28353
27663	28353
28475	28504
28475	28353
28609	28357
28609	28353
28609	27310
28563	27975
28563	28353
27772	27863
27772	27586
27772	28353
27772	27975
27772	28591
28380	27975
28380	28353
27756	27586
27756	28412
27756	28353
27791	27586
27791	28412
27791	28353
27672	27586
27672	28412
27672	28353
28586	27586
28586	28353
28467	27586
28467	28412
28467	28353
27960	28504
27960	28353
27498	27586
27498	28412
27498	28353
27505	28187
27505	28070
27505	27586
27505	28353
28562	27975
28562	28353
27748	27586
27748	28353
27480	27809
27480	27975
27480	28353
27480	27644
27317	28353
27361	28353
28087	27744
28087	27975
28087	28368
28087	28353
28306	28504
28306	28353
28306	28523
27796	27975
27796	27586
27796	28072
27796	27546
27796	27943
27796	28353
27796	27748
27796	27580
28039	27586
28039	28412
28039	28353
27929	27586
27929	28353
27363	27586
27363	28353
27812	28353
27898	27586
27898	28353
28445	28353
27792	27764
27792	28353
27792	28582
27792	27773
27792	28504
27792	28523
28323	28353
28323	28078
27467	28504
27467	27770
27467	28353
27870	28504
27870	27764
27870	28353
27870	27487
28345	27863
28345	27975
28345	27586
28345	28353
28441	28504
28441	27347
28441	28353
27698	28353
27546	27586
27546	27975
27546	28353
27889	27586
27889	27546
27889	28353
27889	27736
27889	27975
28606	28504
28606	28353
27532	27586
27532	27748
27532	27589
27532	28353
27864	28353
28395	28353
28432	27975
28432	28353
27321	28353
27359	27589
27359	28555
27359	27586
27359	28011
27359	28353
27359	27532
27359	27748
27388	27586
27388	28353
28266	27586
28266	27975
28266	28412
28266	28353
28607	28504
28607	28237
28607	28353
28607	27487
28333	28504
28333	27942
28333	28353
28333	27892
28236	28353
28379	27994
28379	27586
28379	28353
28379	27748
28379	27975
28014	27586
28014	27975
28014	28353
28381	27975
28381	28353
28578	27586
28578	27975
28578	28353
28578	27487
27351	27957
27351	28504
27351	28353
27380	28353
27380	27487
28163	28353
28163	27487
28142	28412
28142	27586
28142	27757
28142	28353
28142	27975
27397	27863
27397	27975
27397	28353
27397	27767
27563	27586
27563	28353
27869	27586
27869	28412
27869	28353
28137	28353
28029	28412
28029	27586
28029	27340
28029	28353
28029	27975
27311	27852
27311	28504
27311	28353
27481	27975
27481	28353
28598	28353
27421	27586
27421	28412
27421	28353
27492	28353
27492	27487
27647	27586
27647	28353
27647	28011
27647	28555
28110	27863
28110	27586
28110	28353
28110	27975
28110	28591
27485	28353
27485	28010
27485	27310
27831	27586
27831	27975
27831	28412
27831	28353
27533	27586
27533	28412
27533	28353
28480	28412
28480	27586
28480	27340
28480	28353
28480	27975
27400	27586
27400	28412
27400	28353
27400	27869
28145	27863
28145	27975
28145	27589
28145	27586
28145	28368
28145	27546
28145	27914
28145	28353
28145	27767
28145	27532
28145	27748
28145	28591
27731	27863
27731	27975
27731	28353
27731	27767
27557	27586
27557	27546
27557	27914
27557	28353
27557	27975
27740	28353
28018	28353
28018	28078
28188	27788
28188	28504
28188	28353
28165	28353
28165	27716
28165	27981
27558	28353
27582	28353
27582	28010
27582	27310
28378	28504
28378	28353
28378	27487
28146	27852
28146	28504
28146	28353
28146	27487
28289	27586
28289	28353
27464	27975
27464	28368
27464	28353
27369	27366
27369	28504
27369	28353
28247	27586
28247	27546
28247	28353
28247	27736
28247	27975
28406	28353
28059	28412
28059	27586
28059	27340
28059	28353
28059	27608
28059	27975
27325	27586
27325	28353
27325	27487
28603	27586
28603	28412
28603	28353
27396	27586
27396	28004
27396	27546
27396	27611
27396	28353
27396	27975
27330	28504
27330	28353
28159	27487
28159	28353
28159	28163
28071	27852
28071	28504
28071	28353
27944	27586
27944	28412
27944	28353
27944	27869
27759	28353
27799	27586
27799	27975
27799	28412
27799	28353
27704	28353
27974	27586
27974	28412
27974	28353
28240	28055
28240	27423
28240	27334
28240	28353
28584	27863
28584	27975
28584	27586
28584	28353
28474	27586
28474	28412
28474	28353
28589	27852
28589	28504
28589	28353
28520	27586
28520	28412
28520	28353
27337	27850
27337	27423
27337	27334
27337	28353
28302	27975
28302	28353
28025	27586
28025	27546
28025	28348
28025	28353
28025	27975
28373	27975
28373	28353
27721	27744
27721	27975
27721	28368
27721	28353
28593	27586
28593	27975
28593	28353
27803	28353
28282	27487
28282	28353
28282	28163
27989	28049
27989	28064
27989	27623
27989	28353
27989	27487
27989	28504
28547	27863
28547	27975
28547	28353
28547	27767
28325	27975
28325	28353
28351	28353
28351	28010
28351	27310
27993	27975
27993	28353
28518	28353
27763	28353
27985	27863
27985	28238
27985	28353
27985	27767
27985	27975
27620	27975
27620	27340
27620	28353
27550	27863
27550	27975
27550	28353
27550	27767
28178	27994
28178	27586
28178	28353
28178	27748
28178	27975
27522	28504
27522	28353
27958	27586
27958	27975
27958	28353
28469	28412
28469	27586
28469	27340
28469	28353
28469	27975
27983	28037
27983	28237
27983	28353
27983	27487
27983	27852
27983	28504
28195	27773
28195	28504
28195	27764
28195	28353
28179	27586
28179	27975
28179	28353
28179	27546
28447	27586
28447	28412
28447	28353
27931	27586
27931	27748
27931	27994
27931	28353
27858	27586
27858	27975
27858	28412
27858	28353
27741	28353
27609	28412
27609	27586
27609	27340
27609	28353
27609	27975
27941	28412
27941	27586
27941	27340
27941	28353
27941	27975
28176	28412
28176	27586
28176	27340
28176	28353
28176	27975
27925	27586
27925	28412
27925	28353
27987	27586
27987	28412
27987	28353
28600	28412
28600	27586
28600	27340
28600	28353
28600	27975
28162	28242
28162	28504
28162	28353
28529	27586
28529	28353
28529	28011
28529	28555
27623	28504
27623	28353
28468	28412
28468	27586
28468	27340
28468	28353
28468	27608
28468	27975
27435	27589
27435	28555
27435	27586
27435	28011
27435	28353
27435	27748
27411	28504
27411	28353
27411	28582
27992	27586
27992	28412
27992	28353
28279	28504
28279	28523
28279	28353
28279	27487
27683	27586
27683	28412
27683	28353
27907	27586
27907	28412
27907	28353
27991	27586
27991	27975
27991	28412
27991	28353
27949	27586
27949	28353
27354	27487
27354	28353
27354	28163
28591	27863
28591	27975
28591	28353
28138	27586
28138	28412
28138	28353
27390	27975
27390	28353
28065	28412
28065	27586
28065	27340
28065	28353
28065	27975
28477	28353
28477	27487
28021	28504
28021	28353
28021	27487
28094	27586
28094	28412
28094	28353
27890	28353
27890	27716
27890	27981
28257	27586
28257	28412
28257	28353
28268	27997
28268	28504
28268	28353
28044	28504
28044	28353
28044	27487
27455	27975
27455	28353
27378	27586
27378	28412
27378	28353
27818	28353
28131	27994
28131	27586
28131	28353
28131	27748
28131	27975
27681	28504
27681	28523
27681	28353
27681	27487
28218	27975
28218	28353
27732	27863
27732	27586
27732	28353
27732	27767
27732	27975
27732	28591
27933	27586
27933	27748
27933	28353
27539	27975
27539	28353
27415	27788
27415	28504
27415	28353
28273	28353
28259	28353
28259	28010
28259	27310
27968	27788
27968	28396
27968	28538
27968	28353
27968	28504
27783	27586
27783	28412
27783	28353
28450	27975
28450	28353
27334	27423
27334	28353
28092	27586
28092	28070
28092	28353
27515	28353
28538	28504
28538	28353
28538	28396
27461	28353
28141	28504
28141	28353
28141	27487
27641	27997
27641	28504
27641	28353
27645	28412
27645	27586
27645	27757
27645	28353
27645	27975
27312	27487
27312	28353
27312	28163
28117	28504
28117	28353
28117	27487
27807	28504
27807	28353
27969	28412
27969	27586
27969	27340
27969	28353
27969	27608
27969	27975
28000	27863
28000	27586
28000	28353
28000	27767
28000	27975
27452	27788
27452	28504
27452	28353
28616	27975
28616	27414
28616	28353
28507	27586
28507	28353
28507	28011
28507	28555
28173	27366
28173	28353
28173	27487
28173	27957
28173	28504
27356	27957
27356	28504
27356	28353
27356	27487
28594	28504
28594	28353
28594	27487
27518	27975
27518	28353
28287	28412
28287	27586
28287	27340
28287	28353
28287	27975
28619	27586
28619	28412
28619	28353
28342	27852
28342	28504
28342	28353
28342	27487
27657	27852
27657	28504
27657	28353
27420	28353
27420	27487
27788	28504
27788	28353
27353	27942
27353	27892
27353	28064
27353	28353
27353	28504
28241	27586
28241	28412
28241	28353
27526	28504
27526	28353
27526	28201
27988	28504
27988	28353
27988	27487
28229	27586
28229	28412
28229	28353
27503	27487
27503	28353
27503	28163
28123	28504
28123	28353
28123	28523
28249	27852
28249	28504
28249	28353
27920	27975
27920	28353
27500	27975
27500	28353
27737	28353
27523	27863
27523	27975
27523	28591
27523	28353
28073	27586
28073	28412
28073	28353
28565	27586
28565	28353
27821	28353
28276	28353
28471	27586
28471	28412
28471	28353
27318	28353
27457	27975
27457	28353
28343	27423
28343	27334
28343	28353
28166	28195
28166	27764
28166	28353
28166	27773
28166	28504
28048	27586
28048	28353
27877	27788
27877	28504
27877	28353
28617	27863
28617	27975
28617	27586
28617	28353
27413	27589
27413	27586
27413	28353
27413	27748
27413	27975
28595	27975
28595	28353
27637	28412
27637	27586
27637	27340
27637	28353
27637	27975
27947	27975
27947	28353
28347	28504
28347	27770
28347	28353
28621	28353
27649	28504
27649	28353
27649	27487
28546	28504
28546	28353
28546	27487
28534	28353
28534	28434
27826	28353
27826	28078
27826	27487
28337	28353
28337	27981
28024	28353
28024	27487
28237	28504
28237	28353
28543	27863
28543	27586
28543	28353
28543	27975
28543	28591
27487	28353
27398	27586
27398	28412
27398	28353
28492	27586
28492	28412
28492	28353
27847	27863
27847	27975
27847	27586
27847	28072
27847	27546
27847	27943
27847	28353
27847	27748
27847	27580
28575	28353
28575	27487
28011	27586
28011	28353
28011	28555
27928	27586
27928	27748
27928	27994
27928	28353
28245	28504
28245	28353
28037	27852
28037	28504
28037	28237
28037	28353
27607	27863
27607	27975
27607	27586
27607	28353
27849	28037
27849	28237
27849	28353
27849	27487
27849	27852
27849	28504
27604	28504
27604	28353
28161	28504
28161	28353
28161	27487
28324	27586
28324	28070
28324	28353
28324	27487
27684	27863
27684	27586
27684	28353
27684	27975
27684	28591
27892	28504
27892	27942
27892	28353
27508	28504
27508	28353
27405	27975
27405	28353
27561	28353
28036	28504
28036	27764
28036	28353
28202	27586
28202	28412
28202	28353
27956	27586
27956	28353
28489	27586
28489	28412
28489	28353
27568	28353
27568	27310
27568	28512
28069	27487
28069	28353
28069	28163
27667	27487
27667	28353
27667	28163
28386	27586
28386	27748
28386	28353
28555	27586
28555	28353
27699	28504
27699	28353
27699	27487
28444	28353
27462	27586
27462	28353
27462	28011
27462	28555
28339	27975
28339	28353
27577	27586
27577	28412
27577	28353
27441	27586
27441	27975
27441	28412
27441	28353
27414	28353
27848	28621
27848	28353
28590	27975
28590	28353
28326	27423
28326	27334
28326	27310
28326	28353
28326	27487
28326	27385
28255	27487
28255	28353
28255	28163
28124	28353
28400	28504
28400	28353
28318	28353
27713	28412
27713	27586
27713	27340
27713	28353
27713	27975
28446	27863
28446	27586
28446	28353
28446	27975
28446	28591
28484	27863
28484	27586
28484	28368
28484	27546
28484	27914
28484	28353
28484	27767
28484	27975
28484	28591
28157	27586
28157	28412
28157	28353
27404	28412
27404	27586
27404	28353
27404	27608
27404	27975
28405	28412
28405	27586
28405	27340
28405	28353
28405	27975
27665	28353
27665	27716
27665	27981
28283	27975
28283	28368
28283	28353
27879	27487
27879	28353
27879	28163
27888	28353
27440	27586
27440	28070
27440	28353
27314	27586
27314	28412
27314	28353
27719	27975
27719	28353
27755	27975
27755	28353
27555	27608
27555	27586
27555	28412
27555	28353
27339	27863
27339	27975
27339	27586
27339	28353
27426	27423
27426	28353
28225	28353
27565	27975
27565	28353
27585	28058
27585	28353
27585	27981
27816	28353
27816	28078
27571	27975
27571	28353
27669	27485
27669	28353
27669	28010
27669	27310
28569	28353
27972	28504
27972	28353
27501	28504
27501	28353
27501	27487
28254	28412
28254	27586
28254	27340
28254	28353
28254	27608
28254	27975
27902	27744
27902	27975
27902	28536
27902	28353
27675	27975
27675	28353
27423	28353
27593	27586
27593	27546
27593	27914
27593	28353
27593	27975
27448	27975
27448	28368
27448	28353
27370	28353
27570	28412
27570	27586
27570	27340
27570	28353
27570	27975
27901	27586
27901	27975
27901	28412
27901	28353
27509	28353
28181	27975
28181	28353
28431	28504
28431	28353
28431	27487
27560	28412
27560	27586
27560	27340
27560	28353
27560	27975
28611	27586
28611	27975
28611	28353
28611	27546
27861	27975
27861	28353
28305	27586
28305	28353
28210	27366
28210	28353
28210	27487
28210	27957
28210	28504
27473	28353
27833	27863
27833	27975
27833	27589
27833	27586
27833	28353
27833	27767
27833	27532
27833	27748
28126	28504
28126	28353
28338	27586
28338	28412
28338	28353
28463	27975
28463	28353
27344	27975
27344	28353
27442	28353
28198	27975
28198	28353
27635	27586
27635	28412
27635	28353
27635	27869
28383	28336
28383	28353
28398	28353
28101	27863
28101	27975
28101	27586
28101	28353
28622	28353
28280	27586
28280	28412
28280	28353
28422	28504
28422	28353
28422	27487
28214	28353
28086	27852
28086	28504
28086	28353
27963	27863
27963	27586
27963	28353
27963	27975
27963	28591
28390	27586
28390	28353
28028	28504
28028	27764
28028	28353
27736	27586
27736	27975
27736	28353
27736	27546
27478	28504
27478	28353
28066	28353
27878	28504
27878	28353
27603	27586
27603	28070
27603	27860
27603	28353
27943	27586
27943	27975
27943	28353
27943	27546
28243	27586
28243	27546
28243	28353
28243	27975
28243	27670
27573	27586
27573	27748
27573	27994
27573	28353
28031	27586
28031	27546
28031	27914
28031	28353
28031	27975
27725	27586
27725	28412
27725	28353
27725	27869
27429	28504
27429	28353
27429	27487
28136	28049
28136	28504
28136	28353
28136	27487
27959	28353
27959	28078
28491	27586
28491	27975
28491	28412
28491	28353
28359	27652
28359	28064
28359	27764
28359	28353
28359	28504
27893	27863
27893	27586
27893	28353
27893	27975
27893	28591
28281	27809
28281	27975
28281	28353
28185	27820
28185	28353
28185	27310
28185	28130
28269	28353
28269	27632
28415	27586
28415	28412
28415	28353
27432	28504
27432	28175
27432	28353
27654	28353
27540	27975
27540	28353
28293	28353
27368	28504
27368	28034
27368	28353
28614	27586
28614	28412
28614	28353
27836	28412
27836	27586
27836	27757
27836	28353
27836	27975
27846	28504
27846	27381
27846	28353
28147	28504
28147	27942
28147	28353
28147	27892
27751	27586
27751	28412
27751	28353
28232	28412
28232	27586
28232	27340
28232	28353
28232	27608
28232	27975
27677	27586
27677	28353
28382	27863
28382	27586
28382	28353
28382	27767
28382	27975
28382	28591
28511	28353
28511	28434
28074	27586
28074	28353
27984	28504
27984	28353
27984	27487
28252	27997
28252	28504
28252	28353
28079	27586
28079	28353
28542	27764
28542	28353
28542	27487
28542	27773
28542	28504
27625	27586
27625	28070
27625	28353
27618	27586
27618	28353
28116	27586
28116	28412
28116	28353
28242	28504
28242	28353
27727	28353
27547	27975
27547	28353
27678	27975
27678	28368
27678	28353
28462	27788
28462	28504
28462	28353
28486	28504
28486	28353
27793	27863
27793	27975
27793	27586
27793	28353
28466	27863
28466	27975
28466	27586
28466	28353
28288	28504
28288	28353
28288	27487
28226	27975
28226	28353
28552	27975
28552	28353
28605	28353
28397	27586
28397	28353
28122	28353
27394	28504
27394	28353
27394	27487
28363	27586
28363	28412
28363	28353
27466	28504
27466	28353
28435	27586
28435	28412
28435	28353
28517	28412
28517	27586
28517	28353
28517	27608
28517	27975
27347	28504
27347	28353
28155	28353
28330	28504
28330	27942
28330	28353
28330	27892
27883	27586
27883	28412
27883	28353
28271	27863
28271	27586
28271	28353
28271	27487
28271	27975
27714	28353
27714	27487
27468	27863
27468	27975
27468	28353
28096	27863
28096	27586
28096	28368
28096	27546
28096	27914
28096	28353
28096	27767
28096	27975
28096	28591
27871	27586
27871	27748
27871	27824
27871	28353
28588	27586
28588	28412
28588	28353
28217	27788
28217	28504
28217	28353
28169	28412
28169	27586
28169	27340
28169	28353
28169	27975
27323	27994
27323	27928
27323	28068
27323	27586
27323	28353
27323	27748
27358	27586
27358	28412
27358	28353
27631	27586
27631	28353
28301	28398
28301	28353
27841	28504
27841	28353
27841	27487
28618	28058
28618	28353
28618	27981
28184	27586
28184	28412
28184	28353
27860	27586
27860	28070
27860	28353
27980	28504
27980	28034
27980	28353
27980	27487
28557	28504
28557	28353
28336	28353
27953	27586
27953	28412
27953	28353
27872	27997
27872	28504
27872	28353
27633	27586
27633	27975
27633	28353
28540	27586
28540	28412
28540	28353
28015	27586
28015	27975
28015	28353
28443	27586
28443	28070
28443	28353
27598	28353
27598	27487
27389	27586
27389	28353
27621	27586
27621	28070
27621	28353
27578	28504
27578	28353
27578	27487
28612	27975
28612	28353
27463	27586
27463	28412
27463	28353
28227	28504
28227	28353
28227	27487
27912	27586
27912	28412
27912	28353
28322	27975
28322	28353
28183	27586
28183	28412
28183	28353
27566	27608
27566	27586
27566	28412
27566	28353
27868	28504
27868	28353
27782	28353
27782	28010
27782	28043
27782	27310
28312	27586
28312	28412
28312	28353
27502	28504
27502	28353
27502	28523
28121	27586
28121	28412
28121	28353
27863	27975
27863	28353
28585	27586
28585	28353
28566	28353
28376	27975
28376	28353
27451	27586
27451	28412
27451	28353
28060	27975
28060	28353
27438	27487
27438	28353
27438	28163
28194	27608
28194	27586
28194	28412
28194	28353
27894	27586
27894	28353
27489	27586
27489	27546
27489	28353
27489	28211
27489	27975
27374	27975
27374	28368
27374	28353
28525	27975
28525	28353
27626	27586
27626	28412
27626	28353
27668	27586
27668	28353
27407	27586
27407	28353
28171	27975
28171	28353
28309	27852
28309	28504
28309	28353
28309	27487
27656	27975
27656	28368
27656	28353
28055	27423
28055	28353
27749	27608
27749	27586
27749	28412
27749	28353
27576	27994
27576	27586
27576	28353
27576	27748
27576	27975
27837	27586
27837	28412
27837	28353
28219	28504
28219	28353
28219	27487
27795	28504
27795	28353
27747	27586
27747	28412
27747	28353
28391	28412
28391	27586
28391	27340
28391	28353
28391	27975
28099	28353
28235	28412
28235	27586
28235	27757
28235	28353
28235	27975
28093	28353
27729	27586
27729	28353
27994	27586
27994	27748
27994	28353
28460	28504
28460	27764
28460	28353
27955	27863
27955	27586
27955	28368
27955	27546
27955	27914
27955	28353
27955	27767
27955	27975
27955	28591
27910	28582
27910	28504
27910	28353
27910	28523
27445	28353
28331	27863
28331	27586
28331	28353
28331	27767
28331	27975
28334	28353
27827	27586
27827	28070
27827	28353
28479	28353
27372	28504
27372	28353
27372	27487
27346	27975
27346	28353
27340	27975
27340	28353
27809	27975
27809	28353
28167	27975
28167	28353
28104	28504
28104	28353
28104	27487
27945	27863
27945	28353
27945	27767
27945	27975
27945	28591
28220	27975
28220	28353
27507	28049
27507	28064
27507	28353
27507	27487
27507	28504
27496	27586
27496	28412
27496	28353
28022	27586
28022	28353
28453	28353
28453	28078
28453	27487
28278	27586
28278	28412
28278	28353
27801	27863
27801	27975
27801	28353
27801	27767
28078	28353
28387	27975
28387	28353
27766	27586
27766	28412
27766	28353
27832	27586
27832	28412
27832	28353
28272	27586
28272	28070
28272	27860
28272	28353
27632	28353
27650	28504
27650	27623
27650	28353
27650	27487
28354	27589
28354	27586
28354	28353
28354	27748
28354	27975
27707	28504
27707	28353
28368	27975
28368	28353
28433	28353
28568	27586
28568	28070
28568	28353
28496	28353
27574	27975
27574	28353
28544	27586
28544	27975
28544	28412
28544	28353
27521	28504
27521	28353
27497	28504
27497	28353
27497	27487
27401	27586
27401	28070
27401	28353
28370	28412
28370	27586
28370	27340
28370	28353
28370	27608
28370	27975
27551	27975
27551	28353
27874	28353
28109	28049
28109	28504
28109	28353
28109	27487
28199	27586
28199	27748
28199	28353
27335	28353
27335	27981
28205	28353
28470	27994
28470	27928
28470	27586
28470	28353
28470	27748
27453	27975
27453	28353
27651	27863
27651	27975
27651	28591
27651	28353
28329	28412
28329	27586
28329	27340
28329	28353
28329	27975
27434	27852
27434	28504
27434	28353
27840	28353
27840	27487
27402	27586
27402	28412
27402	28353
27938	28037
27938	28042
27938	28237
27938	28353
27938	27852
27938	28504
28045	28353
28284	27892
28284	27942
28284	28353
28284	27487
28284	28504
28140	27994
28140	27975
28140	28412
28140	27586
28140	28353
28140	27748
27569	27975
27569	28353
28200	28353
27689	27366
27689	28504
27689	28353
28560	27975
28560	28353
27855	27863
27855	28353
27855	27767
27855	27975
27855	28591
27454	28353
28583	27586
28583	28353
27486	28412
27486	27586
27486	27757
27486	28353
27486	27975
28389	28504
28389	28353
28389	27487
27706	27852
27706	28504
27706	28353
27706	27487
28620	28353
28258	27788
28258	28504
28258	28353
27839	27975
27839	28353
27580	27975
27580	28353
28132	28504
28132	28353
28132	28064
27697	27586
27697	28412
27697	28353
28231	27586
28231	28412
28231	28353
28298	27586
28298	27975
28298	28412
28298	28353
27790	27863
27790	27586
27790	28353
27790	27975
27790	28591
27967	27975
27967	28353
28573	28353
28049	28504
28049	28353
27715	28353
28519	27586
28519	28353
27850	27423
27850	28353
28097	27942
28097	27892
28097	28064
28097	28353
28097	28504
28046	27586
28046	28070
28046	27860
28046	28353
28204	28353
28418	28412
28418	27586
28418	27340
28418	28353
28418	27975
28352	27586
28352	28412
28352	28353
28448	27586
28448	28070
28448	27860
28448	28353
28464	27975
28464	28368
28464	28353
28610	28353
28610	27487
27954	27809
27954	27975
27954	28281
27954	28353
28472	27586
28472	27975
28472	28412
28472	28353
28421	28353
27662	27586
27662	27748
27662	28353
27612	28353
27612	28010
27612	27310
27828	27487
27828	28353
27828	28163
27328	27863
27328	27586
27328	28368
27328	27546
27328	27914
27328	28353
27328	27767
27328	27975
27328	28591
28319	27586
28319	28412
28319	28353
28164	28357
28164	28353
28164	28609
28164	27310
27691	27863
27691	27975
27691	27586
27691	28353
27768	28504
27768	28353
27768	27487
27900	27863
27900	27586
27900	28368
27900	27546
27900	27914
27900	28353
27900	27767
27900	27975
27900	28591
28019	28353
27696	28412
27696	27586
27696	27340
27696	28353
27696	27608
27696	27975
27797	28353
27923	28504
27923	28353
27923	27487
27903	28353
27903	27981
27891	27586
27891	28353
27952	28353
27520	28504
27520	28353
27880	27975
27880	28353
27717	28126
27717	28504
27717	28353
27997	28504
27997	28353
28040	27852
28040	28504
28040	28353
27932	28242
27932	28504
27932	28353
27686	28504
27686	28353
27686	28620
27686	27487
27583	27586
27583	28070
27583	27860
27583	28353
28465	27586
28465	28353
27981	28353
28483	28504
28483	28523
28483	28353
28483	27487
27545	28353
27823	27586
27823	27546
27823	28348
27823	28353
27823	27975
27310	28353
27495	28504
27495	28237
27495	28353
27495	27487
28068	27994
28068	27928
28068	27586
28068	28353
28068	27748
27694	28504
27694	28353
27694	27487
27857	28504
27857	27764
27857	28353
28128	27975
28128	28353
28537	28353
28530	27586
28530	28353
28413	28353
28413	28010
28413	27310
27835	28504
27835	28353
28572	27586
28572	28412
28572	28353
27761	27975
27761	28353
28497	27975
28497	28353
28504	28353
27331	27863
27331	27586
27331	28353
27331	27767
27331	27975
27331	28591
27770	28504
27770	28353
28385	27586
28385	28412
28385	28353
28428	28504
28428	28353
27488	28504
27488	27347
27488	28353
27798	27586
27798	28353
28034	28504
28034	28353
28623	28504
28623	28353
28623	27487
27785	27852
27785	28504
27785	28353
28455	27586
28455	28353
27409	27975
27409	28353
27642	27586
27642	28412
27642	28353
27586	28353
28233	28353
28233	27310
27474	27589
27474	27586
27474	28353
27474	27748
27474	27975
28346	27586
28346	28412
28346	28353
28556	27586
28556	27975
28556	28353
28556	27546
27971	27586
27971	27975
27971	28412
27971	28353
28487	28336
28487	28353
28449	28412
28449	27586
28449	27340
28449	28353
28449	27975
27640	27586
27640	27975
27640	28412
27640	28353
28041	28353
27517	27586
27517	28353
27528	28504
27528	28034
27528	28353
27341	27586
27341	28070
27341	28353
28038	28504
28038	28353
28038	27487
28056	28353
27745	28353
27745	28620
27674	27586
27674	28412
27674	28353
27660	28504
27660	28353
27660	27487
28277	27586
28277	28412
28277	28353
27352	28353
27352	27487
27608	27586
27608	28412
27608	28353
27332	27586
27332	28353
27764	28504
27764	28353
27734	28353
27734	27487
28495	28353
27723	28353
27499	28353
27499	27487
28143	27586
28143	28412
28143	28353
27459	28353
27386	27997
27386	28504
27386	28353
28439	28504
28439	28353
28439	27487
27572	27586
27572	28412
27572	28353
28442	27586
28442	28412
28442	28353
28172	28353
28172	27716
28172	27981
27562	28504
27562	28353
27562	27487
28451	27586
28451	27748
28451	28353
27537	28504
27537	28353
27537	27487
27381	28504
27381	28353
27531	28353
27531	27716
27531	27981
27655	28412
27655	27586
27655	27340
27655	28353
27655	27975
27458	28504
27458	28353
27458	27487
28084	27586
28084	28412
28084	28353
27738	28179
27738	27365
27738	27586
27738	27546
27738	28353
27738	27975
27469	28353
28559	27997
28559	28504
28559	28353
28308	27863
28308	27975
28308	28353
28308	27767
27595	27852
27595	28504
27595	28353
27595	27487
27375	28353
27588	28353
27588	27487
28417	28353
28417	27981
27336	28504
27336	28353
27336	27487
27556	28353
28458	27744
28458	27975
28458	28368
28458	28353
28089	28412
28089	27586
28089	27340
28089	28353
28089	27975
28420	27975
28420	28353
28344	28353
28344	27981
27412	27586
27412	27975
27412	28353
28150	28336
28150	28353
28150	28434
27711	28353
28419	28353
28419	28078
28357	28353
28357	27310
28290	28336
28290	28353
27940	27586
27940	28412
27940	28353
27437	27748
27437	27586
27437	28003
27437	28353
28494	28353
28005	27852
28005	28504
28005	28353
28005	27487
27927	27863
27927	27586
27927	28353
27927	27767
27927	27975
27599	28049
27599	28064
27599	27764
27599	28353
27599	27487
27599	28504
28286	28412
28286	27586
28286	27340
28286	28353
28286	27975
27373	27863
27373	27975
27373	28591
27373	28353
28577	27586
28577	27748
28577	28353
28577	27662
27541	27863
27541	27975
27541	28591
27541	28353
28075	27852
28075	28504
28075	28353
27538	28504
27538	28353
27774	27788
27774	28504
27774	28353
28371	28353
28371	27487
28615	28353
28481	28504
28481	27623
28481	28353
28067	28412
28067	27586
28067	27340
28067	28353
28067	27608
28067	27975
27716	28353
27716	27981
28006	27586
28006	28070
28006	28353
28498	28353
28561	27608
28561	27586
28561	28412
28561	28353
28261	28504
28261	28353
28261	27487
27567	28504
27567	28353
27567	27487
27622	27975
27622	28353
28180	27863
28180	27586
28180	28353
28180	27975
28180	28591
28349	27975
28349	28353
27371	28504
27371	28353
27597	28412
27597	27586
27597	27340
27597	28353
27597	27975
28177	27586
28177	28412
28177	28353
27813	27586
27813	28353
28085	28353
28085	27487
27535	27586
27535	28412
27535	28353
27504	27586
27504	28412
27504	28353
28396	28504
28396	28353
28042	27852
28042	28504
28042	28353
27664	28504
27664	28353
27735	27586
27735	27546
27735	27914
27735	28353
27735	27975
28030	27586
28030	28412
28030	28353
27483	27586
27483	28070
27483	28353
28292	27586
28292	28412
28292	28353
27617	27586
27617	28412
27617	28353
28512	28353
28512	27310
