77427	77600
77427	78472
78772	77600
78772	78472
78734	77600
78734	78266
78734	77988
77493	77600
77493	78392
78105	77600
78105	77988
78282	77600
77488	77600
78439	77600
78740	77600
78740	79089
78740	78400
78740	78559
78890	77600
78890	78472
78890	78692
78890	77354
78890	77988
78890	78933
78797	77600
78797	77988
78797	79148
78386	77600
78386	78266
78386	77988
77992	77600
77992	79089
77992	78982
77291	77600
77291	78266
77291	77988
78312	77600
79021	77600
79021	78400
77633	77600
77633	77988
77925	77600
77925	78472
78778	77600
78778	78266
78778	77988
78841	77600
78841	77988
77695	77600
77695	78472
77695	78258
77695	77354
77695	79065
77695	77988
77695	78359
77695	77380
77693	77600
77693	78472
77693	78258
77693	77354
77693	78014
77693	77988
77693	78102
78177	77600
78177	78472
78177	78258
78177	77988
78177	77276
78328	77600
77299	77600
77299	79089
77299	78400
79115	77600
79115	78266
79115	77988
78249	77600
78249	78472
78249	77988
78249	78933
78249	79089
78923	77600
78923	78581
78923	78933
78923	78472
78719	77600
78719	79149
78719	78400
78719	77336
77444	77600
77444	78266
77444	78472
77444	77988
77444	78305
77718	77600
77718	78266
77718	77988
78054	77600
78054	79143
78054	78192
78054	78926
78054	77490
78054	78400
77854	77600
77854	78266
77854	77988
78045	77600
78045	78472
78623	77600
78623	78472
78623	78581
78623	77988
78623	78588
78623	78933
78611	77600
78611	79089
78611	78400
78659	77600
78659	77988
78659	77354
77866	77600
77866	78472
77866	77988
78767	77600
78767	78266
78767	78472
78767	77988
78767	78305
78766	77600
78766	77988
77884	77600
77761	77600
77761	78266
77761	77988
79133	77600
79133	78472
79133	78259
79032	77600
79032	78400
77862	77600
77862	78472
77862	77988
79045	77600
79045	78266
79045	77988
78056	77600
78056	79089
78056	78400
78406	77600
77656	77600
77656	78472
77656	78058
77656	77779
79066	77600
78593	77600
78593	78266
78593	78472
78593	77988
78593	78305
78770	77600
79155	77600
79155	78266
79155	77988
78063	77600
78063	78400
78063	77774
78076	77600
78076	78266
78076	78472
78076	77988
78076	78305
77366	77600
77366	78400
78702	77600
78702	79089
78702	78982
77509	77600
77509	78400
77954	77600
77954	78266
77954	77977
77954	78472
77954	77988
77289	77600
77289	78400
77860	77600
77860	78472
77613	77600
77613	79089
77613	78982
77599	77600
77599	79149
77599	78400
78650	77600
78650	79089
78650	78400
78201	77600
78201	78266
78201	77988
77914	77600
77914	77399
78636	77600
77325	77600
77325	78400
78460	77600
78460	78266
78460	77988
77563	77600
77563	79089
77563	78400
77844	77600
78234	77600
78234	79089
78234	78400
78234	78365
78667	77600
78667	78266
78667	77988
77481	77600
77481	78400
77481	78277
77827	77600
77827	78400
78024	77600
78024	77490
78024	78400
77511	77600
77511	78400
78657	77600
78657	77988
78657	77354
78657	77334
78269	77600
78269	78266
78269	77988
77384	77600
77384	78400
77384	78231
78044	77600
78044	79089
78044	78400
78027	77600
77393	77600
77393	78968
78940	77600
78940	79089
78940	78400
78151	77600
78151	78400
77830	77600
77830	78400
78545	77600
78545	79089
78545	78982
78390	77600
78390	78929
78390	77918
78390	77399
77836	79136
77836	78886
77836	77600
77836	77988
78672	77600
78672	78400
78672	77728
78574	77600
78574	78266
78574	77977
78574	78472
78574	77988
78240	77600
78240	78266
78240	78472
78240	77988
78754	77600
78754	79089
79040	77600
79040	77988
78479	77600
78479	79089
78479	78400
78367	77600
78367	78472
78896	77600
78896	78472
78896	77988
78577	77600
78577	77531
78577	77767
78117	77600
78117	79136
78117	77988
78669	77600
78669	78192
78669	78926
78669	77675
78669	77490
78669	78400
77274	77600
77274	77988
78674	77600
78674	79136
78674	77988
78382	77600
78382	79089
78021	77600
78021	79089
78021	78982
78060	77600
78060	78472
77580	77600
77580	78472
77309	77600
77965	77600
77965	78266
77965	77988
79024	77600
77960	77600
77960	77918
77960	77399
78239	77600
78239	79136
78239	77988
77874	77600
78035	77600
78035	78472
78035	78258
78035	77988
78035	77276
78283	77600
78397	77600
78397	78266
78397	77977
78397	78472
78397	77988
78977	77600
78977	77336
78977	79089
78977	78400
77277	77600
78521	77600
78521	79136
78521	77988
78521	78254
77728	77600
77728	78400
77574	77600
77574	79089
77574	78400
78965	77600
78965	79089
78965	78400
78030	77600
78030	78472
78030	78305
78692	77600
78692	77988
78692	77354
78123	77600
78123	79149
78123	78400
78801	77600
78801	79089
78801	78400
78801	77774
77946	77600
79086	77600
79086	78266
79086	77988
77266	77600
77266	77354
77266	77988
77266	78705
77266	78039
77864	77600
77864	79089
77864	77468
77575	77600
77575	78266
77575	78472
77575	77988
77575	78305
78362	77600
78870	77600
77494	77600
77494	79089
77494	78400
78784	77600
78784	79089
78784	78400
79104	77600
79104	78266
79104	77988
77691	77600
77691	78266
77691	77988
78601	77600
78601	77918
78601	77399
79121	77600
77711	77600
77711	77336
77711	79089
77711	78400
77994	77600
77994	78266
77994	78472
77994	77988
77994	78305
78970	77600
78970	78266
78970	77988
78053	77600
78053	79089
78053	78400
78053	78559
78682	77600
78682	79089
78682	78982
77820	77600
77820	78266
77820	77988
77820	77293
77740	77600
77740	78266
77740	78472
77740	77988
77919	77600
77919	78472
77995	77600
77995	78400
77885	77600
77885	78472
78173	77600
78173	78472
78173	78258
78173	78089
78173	77988
77935	77600
77935	77399
78647	77600
78647	77918
78647	77399
78559	77600
78559	78400
78617	77600
78617	78400
78617	78672
78617	77728
77956	77600
77956	78400
77821	77600
77821	79089
77821	78982
78262	77600
78262	78266
78262	77988
78049	77600
78049	78266
78049	77988
79041	77600
79041	78472
79041	77354
79041	77988
79041	78039
77699	77600
77699	77468
78624	77600
78624	78266
78624	77988
78624	78187
77870	77600
77870	78266
77870	78472
77870	77988
77870	78305
78198	77600
78198	78472
78920	77600
78920	79089
78920	78400
78575	77600
78575	78472
78575	77354
78575	77988
78575	78144
78089	77600
78089	77988
78089	78472
78089	78258
77559	77600
77559	77918
77559	77399
78300	77600
78300	78400
77720	77600
77720	78266
77720	77988
77455	77600
77455	77988
78743	77600
78743	78472
77540	77600
77540	77988
77540	77354
77818	77600
77818	78266
77818	77988
77899	77600
77899	79089
78152	77600
78152	78472
78004	77600
78004	78400
78004	78365
77650	77600
77650	78472
77655	77600
77655	78472
77655	78878
77655	78259
78520	77600
78520	77988
77268	77600
77268	78481
77268	78400
78939	77600
78939	78266
78939	77988
77608	77600
78642	77600
77333	77600
77333	78266
77333	77977
77333	78472
77333	77988
77431	77600
77431	78400
77431	78231
78983	77600
78983	78472
78983	77266
78983	77354
78983	77988
78983	78705
78983	78039
78219	77600
78219	78472
78219	77354
78219	77988
78219	78936
78899	77600
78899	79089
78899	78400
78607	77600
78607	79089
78607	78400
77323	77600
77323	79136
77323	77988
77298	77600
77298	77849
77298	78400
79062	77600
79062	79136
79062	77988
77456	77600
77456	77849
77456	78400
77531	77600
77531	77767
78325	77600
78325	78266
78325	77988
78944	77600
78944	79089
78944	78400
78691	77600
78691	78472
77389	79136
77389	78886
77389	77600
77389	77988
78757	77600
78757	79089
78757	78982
77853	77600
77853	78472
77853	78258
77853	78259
77853	77988
77853	78933
77853	77276
78889	77600
78889	78400
78789	77600
78789	78340
78789	78285
78789	78400
78789	78231
78907	77600
78907	78266
78907	77988
79126	77600
77943	77600
77581	77600
77581	77988
79080	77600
79080	78192
79080	78926
79080	77479
79080	78400
79047	77600
79047	77988
79059	77600
79059	78266
79059	77988
79059	77293
77260	77600
77260	78266
77260	78472
77260	77988
77260	77293
77260	78305
77368	77600
77368	78472
77368	78878
77843	77600
77843	78559
77843	78400
78553	77600
78553	78266
78553	77988
77413	77600
77413	78472
78591	77600
79031	77600
79031	78392
78085	77600
78085	78266
78085	78472
78085	77988
78085	78305
77320	77600
77320	77988
78159	77600
78159	78266
78159	77988
78586	77600
78586	78472
78586	77988
78371	77600
78371	78266
78371	77988
77811	77600
77811	78472
77811	78581
77811	77988
77811	78933
77572	77600
77572	79143
77572	79089
77572	78400
77345	78797
77345	77988
77345	77600
77345	79148
78612	77600
79050	77600
79050	78266
79050	77988
77646	77600
77646	78266
77646	78472
77646	77988
77646	78305
78732	77600
78732	78266
78732	77988
78604	77600
78604	78266
78604	78472
78604	77988
78604	78305
78383	77600
78383	78392
79128	77600
79128	77988
77483	77600
77483	78472
78055	77600
78055	78472
78055	78259
78953	77600
78953	78392
77966	77600
78208	77600
78208	77988
77381	77600
77381	78472
77381	78259
78216	77600
78216	78266
78216	77988
78183	77600
78183	78968
77651	77600
77651	78472
77651	78058
77651	77779
78849	77600
78849	79089
78849	78400
77933	77600
77437	77600
77437	78266
77437	78472
77437	77988
78913	77600
78913	79089
78547	78527
78547	77600
78547	77918
78547	77399
78652	77600
78652	78266
78652	77988
78435	77600
78435	78266
78435	77988
78722	77600
78722	78392
77873	77600
77873	78472
77468	77600
78302	77600
78302	77988
79122	77600
79122	78400
77383	77600
77383	77767
78149	77600
78149	78266
78149	78472
78149	77988
77591	77600
77591	78862
77591	78472
77591	77476
77591	78258
77591	77988
77934	77600
77934	78472
78880	77600
78880	78266
78880	77988
78285	77600
78285	78340
78285	78400
77774	77600
77774	78400
78946	77600
78946	78472
78532	77600
77773	77600
77773	78266
77773	77988
77452	77600
77452	79089
77452	78400
79071	77600
79071	78933
79071	78472
79071	77988
77292	77600
77292	79143
77292	79089
77292	78400
78064	77600
78064	79089
78064	78982
78524	77600
78524	79136
78524	78472
78524	78886
78524	77988
77519	77600
77519	78400
78352	77600
78352	78400
78352	78231
77310	77600
78588	77600
78588	78933
78588	78472
78613	77600
78613	78266
78613	78472
78613	77988
78613	77293
78690	77600
78690	77988
78347	77600
78347	77988
78294	77600
78294	78192
78294	78277
78294	78926
78294	77479
78294	79089
78294	78400
77357	77600
78525	77600
78525	78357
77666	77600
77666	78472
78868	77600
78868	78568
78868	78400
78931	77600
78931	78472
77631	77600
77631	78472
78768	77600
78768	78266
78768	77977
78768	78472
78768	77988
77315	77600
77315	78266
77315	77988
78140	77600
78140	79089
78140	78400
78472	77600
78694	77600
78095	77600
78095	78266
78095	77988
78224	77600
78224	78933
78224	78472
78224	78588
78634	77600
78634	78472
78634	78058
78634	77779
78028	77600
78028	78472
77918	77600
77918	77399
78668	77600
78668	78266
78668	77988
77356	77600
77356	78266
77356	77988
78258	77600
78258	78472
78258	77988
77473	77600
77473	78472
78904	77600
77548	77600
77548	79089
77548	78400
77443	77600
77443	78472
78756	77600
78756	78472
78756	78305
77321	77600
77321	78266
77321	77988
77279	77600
77279	79089
77279	78400
77719	77600
77719	79089
77719	78400
78700	77600
78700	78472
78700	78259
78700	78305
77501	77600
77501	77336
77501	79149
77501	79089
77501	78400
77501	78719
77697	77600
77697	77988
77850	77600
77850	78266
77850	77988
78238	77600
78238	78472
78238	78258
78238	77988
78238	77276
78292	77600
78292	78472
78845	77600
78845	78472
77803	77600
77803	78472
77803	78259
78664	77600
78664	77988
78094	77600
78094	79143
78094	79089
78094	78400
77970	77600
78423	77935
78423	77600
78423	77399
78775	77600
78775	78472
78775	78058
78775	77779
78136	77600
78136	79089
78909	77600
78909	78472
78909	78581
78909	77988
78909	78933
77414	77600
77414	78472
77414	78259
78313	77600
78313	78400
78993	77600
78993	78472
78993	78258
78993	77988
78993	77851
78736	77600
78736	78400
77671	77600
77671	79089
77671	78400
77485	77600
77485	77988
77448	77600
77448	78266
77448	77988
79119	77600
79119	79089
78843	77600
78843	78266
78843	77988
77629	77600
77629	77988
78037	77600
78037	78077
78037	78472
78037	78258
78037	77988
79116	77600
78566	77600
78566	78472
78051	77600
78051	78862
78051	78472
78051	77476
78051	78258
78051	77988
77351	77600
77660	77600
77660	79149
77660	79089
77660	78400
78507	77600
78507	78933
78507	78472
78579	77600
78579	78266
78579	78472
78579	77988
78579	78305
78099	77600
78099	79149
78099	78400
78345	77600
78345	78472
78345	78878
78345	78259
78164	77600
78645	77600
78645	79089
78645	78400
78645	78277
77301	77600
77301	77988
77636	77600
77636	77988
78420	77600
77625	77600
77625	78266
77625	77988
79081	77600
79081	78472
77382	77600
77382	78266
77382	77988
78631	77600
78631	79149
78631	79089
78631	78400
78955	77600
78955	78266
78955	77988
77920	77600
77920	77728
77920	78672
77920	79089
77920	78400
78046	77600
78046	78266
78046	78472
78046	77988
78046	78305
78714	77600
77760	77600
77760	78266
77760	77988
78625	77600
78307	77600
78307	78266
78307	77988
78709	77600
78709	78266
78709	78472
78709	77988
77550	77600
77550	78472
77550	78878
77550	77368
78651	77600
78651	78472
77814	77600
78534	77600
78534	77849
78534	78400
78100	77600
78100	78472
78820	77600
78820	78266
78820	78472
78820	77988
78820	77293
78820	78305
78236	77600
78236	78266
78236	77988
78207	77600
78207	79089
78207	78400
77848	77600
77848	77487
77848	78392
77453	77600
77453	78266
77453	77977
77453	78472
77453	77988
78527	77600
78527	77918
78527	77399
78428	77600
78428	78400
78448	77600
78448	78472
78957	77600
78957	78472
78957	78259
78957	77630
78836	77600
78836	78266
78836	77988
77569	77600
77569	79089
77569	78400
77762	77600
77762	78472
78550	77600
78550	79143
78550	78400
78639	77600
78639	78862
78639	78472
78639	78258
78639	77988
77434	77600
77434	77336
77434	79149
77434	78400
77434	78719
78499	77600
78499	78400
78499	78231
78973	77600
78973	78266
78973	77988
77911	77600
77911	77988
77911	78472
77911	78258
77502	77600
77502	79089
78052	77600
78393	77600
78393	78365
78393	77728
78393	78672
78393	78400
78167	77600
78167	78933
78167	78472
78167	77988
78102	77600
78102	77988
78102	78472
78102	78258
79056	77600
79056	78266
79056	77988
77373	77600
77373	79089
77373	78400
78264	77600
78264	78266
78264	77988
79029	77600
79029	77988
77319	77600
77319	77383
77319	79089
77319	77531
77319	77767
78825	77600
78825	78266
78825	77977
78825	78472
78825	77988
78710	77518
78710	77445
78710	78400
78710	77600
78620	77600
77610	79136
77610	77600
77610	77354
77610	77988
77610	78990
77610	78144
78562	77600
78562	78472
78410	77600
78410	78266
78410	78472
78410	77988
78410	78305
77293	77600
77293	78266
77293	77988
77797	77600
77797	78266
77797	77988
77895	79136
77895	78886
77895	77600
77895	77988
77809	77600
77809	78400
77809	78231
78314	77600
78314	78266
78314	77988
77609	77600
77609	78968
78729	77600
78729	78472
78729	78258
78729	78581
78729	78259
78729	77354
78729	77988
78729	78588
78729	78933
78729	77276
78729	78990
78729	78144
78649	77600
78649	78266
78649	78472
78649	77988
78649	78305
77975	77600
77975	78400
78203	77600
78203	78400
78203	78958
78211	77600
78211	79089
78211	78400
78570	77600
78570	78472
78967	77600
78967	78933
78967	78472
78967	77988
78022	77600
78022	79089
77806	77600
77806	79143
77806	78400
77964	77600
77964	77988
78392	77600
77264	77600
77264	78266
77264	77988
77765	77600
77765	78472
77311	77600
77311	78472
77311	78258
77311	77988
77311	78102
78316	77600
78316	78266
78316	77988
77638	77600
77638	78266
77638	77988
78971	77600
78589	77600
78589	79136
78589	77988
79158	77600
79158	78266
79158	77988
78356	77600
78356	78472
78712	77600
78712	78266
78712	77988
78712	78187
77802	77600
77802	78266
77802	77988
77535	77600
77535	77653
77535	78472
77535	78258
77535	77376
77535	77988
77535	77859
78387	77600
78387	78266
78387	77988
78417	77600
78417	77981
78417	77988
78417	77354
78795	77600
78795	79136
78795	77988
77771	77600
77771	78400
77771	78231
78679	77600
78679	78392
79161	77600
79161	78400
77303	77600
78656	77600
78656	79089
78656	78982
77406	77600
77406	78266
77406	77988
78804	77600
78764	77600
78764	79149
78764	78400
77942	77600
77955	77600
77955	78472
78341	77600
78341	77487
78341	78392
77922	77600
77922	78365
77922	78926
77922	78400
77922	78687
77795	77600
77795	78472
77795	78259
77769	77600
77769	78266
77769	77988
79072	77600
79072	78472
78914	77600
78914	78400
78914	78231
78799	77600
78799	78472
78686	77600
78686	79089
78686	77988
77313	77600
77512	78797
77512	77988
77512	77600
77512	79148
77411	77600
77411	78400
78561	77600
78561	78400
78978	77600
78978	77918
78978	77399
77536	77600
77536	79136
77536	78472
77536	78659
77536	77354
77536	77988
77927	77600
77927	78472
77510	77600
77510	79136
77510	78886
77510	77988
77510	79089
78833	77600
78833	77988
78590	77600
78590	78933
78590	78472
78590	77988
77590	77600
77590	78933
77590	78472
77590	77988
77791	77600
77791	79136
77791	77988
78275	77600
78275	78472
77376	77600
77376	78472
77376	78258
77376	77988
77376	77859
78673	77600
77642	77600
77642	78559
77642	78400
77276	77600
77276	77988
77276	78472
77276	78258
77530	77600
77530	77988
77530	77354
77530	77334
78793	77600
78793	78642
77763	77600
77923	77600
77923	78472
77923	77988
77923	78588
77923	78933
78962	77600
78962	78266
78962	77988
79048	77600
79048	78399
79048	77988
79048	77354
78213	77600
78213	79143
78213	78926
78213	77397
78213	78400
77913	77600
77913	79089
77913	78400
77817	77600
79003	77600
79003	79136
79003	77988
78058	77600
78058	78472
78058	77779
77579	77600
77579	78266
77579	77988
77259	77600
77259	79089
77259	78400
77270	77600
77270	78926
77270	78823
77270	78400
77285	77600
77285	79089
77909	77600
77909	78266
77909	77354
77909	77988
77909	77334
77931	77600
77931	78472
77931	77988
78599	77600
78905	77600
78905	78266
78905	78472
78905	77988
78905	77293
78905	78305
78017	77600
78017	78266
78017	78472
78017	77988
77664	77600
77664	78266
77664	78472
77664	77988
77664	78305
77665	77600
77665	78472
78554	77600
78554	78472
78554	77354
78554	77988
78554	78039
77544	77600
77544	78968
77422	77600
77422	78933
77422	78472
77422	77988
78175	77600
78175	78472
78175	77988
78175	78588
78175	78933
78462	77600
78462	77988
78462	78472
78462	78258
78536	77600
78536	78472
78536	78915
78444	77600
78458	77600
78587	77600
78587	79089
78587	77531
78587	77767
78162	77600
78162	78926
78162	78823
78162	78400
77676	77600
77676	78266
77676	78472
77676	77988
77676	78305
79065	77600
79065	78472
78830	77600
78830	78642
79131	77600
79131	79031
79131	78392
78884	77600
78884	77988
79130	77600
78289	77600
78289	78968
77738	77600
77738	77336
77738	79149
77738	79089
77738	78400
77738	78719
78158	77600
78158	78266
78158	77988
78427	77600
78427	78472
78427	78258
78427	77354
78427	79065
78427	77988
78427	78359
78427	78990
78427	78144
78427	77380
78323	77600
78323	78472
78323	78259
78876	77600
78876	78266
78876	78472
78876	77988
78876	77293
78876	78305
79033	77600
79033	78472
79033	78581
79033	77988
79033	78588
79033	78933
79052	77600
78998	77600
78998	78472
78998	77354
78998	77988
78998	78705
78998	78039
77439	77600
78337	77600
78337	79089
78337	78400
78273	77600
78273	79143
78273	78400
77974	77600
77974	78472
79097	79136
79097	78886
79097	77600
79097	77988
77880	77600
77880	77988
77623	77600
77273	77600
77273	78472
77273	77988
78508	77600
77688	77600
78351	77600
78351	78266
78351	78472
78351	77988
78091	77600
78091	78472
78091	77354
78091	77988
78091	78039
77348	77600
78533	77600
78533	78266
78533	78472
78533	77988
78533	78305
78684	77600
78684	79143
78684	78400
77851	77600
77851	77988
77851	78472
77851	78258
77570	77600
77570	78472
77982	77600
77982	77490
77982	78400
78418	77600
78418	78266
78418	77988
79049	77600
79049	78472
78888	77600
78888	77918
78888	77399
77470	77600
77470	78472
77470	77988
77831	77600
78042	77600
78042	79089
78042	78982
78206	77600
78206	78472
78394	77600
78394	78266
78394	77988
77641	77600
78217	77600
78217	79089
78304	77600
78304	78472
78304	77988
78304	78588
78304	78933
78929	77600
78929	77918
78929	77399
77556	77600
77534	77600
77534	78862
77534	78472
77534	77476
77534	78258
77534	77988
78873	77600
78873	77354
78873	77988
78873	79148
78873	78797
78873	78144
78445	77600
78653	77600
78653	77490
78653	78400
78322	77600
77890	77600
77890	78266
77890	78472
77890	77988
77890	78305
77343	77600
77343	78266
77343	78472
77343	77988
77343	78305
78563	77600
78563	79089
77426	77600
77426	79089
77426	78400
77387	77600
77387	78400
78916	77600
78916	78266
78916	78472
78916	77988
77986	77600
77986	78266
77986	77988
78958	77600
78958	78400
79075	77600
79075	78266
79075	77988
78360	77600
78360	77988
79105	77600
79105	77354
79105	77988
79105	78990
79105	78144
77314	77600
77314	78266
77314	77988
78250	77600
78250	78400
77936	77600
77669	77600
77669	77988
78935	77935
78935	77600
78935	77399
78112	77600
78112	77330
79100	77600
79100	78472
78835	77600
78835	78472
78835	78915
77404	77600
77404	77988
77901	77600
77901	78266
77901	77988
77708	77600
77708	78472
78092	77600
78092	78266
78092	77988
78655	77600
78655	78472
78655	78258
78655	77988
78655	77276
78687	77600
78687	78926
78687	78400
77813	77600
77813	77988
77551	77600
77551	77988
78227	77600
78187	77600
78187	78266
78187	77988
77476	77600
77476	78862
77476	78472
77476	78258
77476	77988
78135	77600
78135	78266
78135	77988
78922	77600
78922	78472
77908	77600
77507	77600
77507	78266
77507	78472
77507	77988
77507	78305
78274	77600
78506	77600
78506	78266
78506	77988
78906	77600
78906	78266
78906	78472
78906	77988
78906	78305
79088	77600
77980	77600
77980	79089
77980	78400
78014	77600
78014	78472
78014	78258
78014	77354
78014	77988
78014	78102
77515	77600
77515	78266
77515	78472
77515	77988
77515	78305
77690	77600
77690	77988
78170	77600
78170	78968
79103	77600
79103	78472
79103	78581
79103	77988
79103	78588
79103	78933
78368	77600
78368	78266
78368	77988
77504	77600
77504	78266
77504	77988
78450	77600
78450	78472
78450	78258
78450	77988
78450	77276
77369	77600
77369	78266
77369	77988
78101	77600
78101	78266
78101	77988
77430	77600
77430	77988
77430	77354
77401	77600
77401	78481
77401	78400
78080	77600
78080	78472
78861	77600
78861	79089
78861	77338
78861	78400
77663	77600
77663	78472
77663	78581
77663	77988
77663	78588
77663	78933
78029	77600
78029	78472
78029	78694
78029	78133
78029	78915
77668	77600
77668	78400
77668	77774
78475	77600
78475	78266
78475	78472
78475	77988
78475	78305
78681	77600
78336	77600
78336	78472
77863	77600
77863	77988
77322	77600
77322	78266
77322	77988
77322	77293
78742	77600
78742	78926
78742	78400
77912	77600
77912	77988
78858	77600
78858	78266
78858	77988
77917	77600
77917	78266
77917	77988
78127	77600
78127	78472
79093	77600
79093	79089
79093	78400
77542	77600
77542	77988
78885	77600
77521	77600
77521	79089
77521	78982
77680	77600
77680	78472
78723	77600
78968	77600
78695	77600
78695	78926
78695	78559
78695	78400
78500	77600
78338	77600
78271	77600
78271	78266
78271	77988
78539	77600
77921	77600
77921	79089
77921	78982
77527	77600
77527	79089
77527	77468
78816	77600
78816	78472
78350	77600
78350	78392
77588	77600
77588	79136
77588	77988
77282	77600
77334	77600
77334	77988
77334	77354
78863	77600
78863	78472
78863	78258
78863	78089
78863	77988
77459	77600
77459	77487
77459	78392
77480	77600
77915	77600
77915	77988
78342	77600
78342	77988
77421	77600
78837	77600
78837	79149
78837	78400
77513	77600
77513	78581
77513	78933
77513	78472
77971	77600
78179	77600
78179	77988
78231	77600
78231	78400
79018	77600
79018	78472
79018	77988
78032	77600
78032	79089
78032	78400
78297	77600
78297	79089
78297	78400
77953	77600
77953	78472
77953	78581
77953	77988
77953	78933
78941	77600
78941	78568
78941	78400
78069	77600
79142	77600
79142	78472
79142	78258
79142	77988
79142	77276
78897	77600
78897	78642
78794	77600
78794	77988
78422	77600
78422	79136
78422	77988
78189	77600
78189	78400
77670	77600
77670	78266
77670	77988
78290	77600
78290	77988
77296	77600
77296	79089
77296	78400
78707	77600
78727	77600
78727	78266
78727	77988
78699	77600
78699	79143
78699	78400
78246	77600
78246	78266
78246	77988
78486	77600
78486	78266
78486	77988
79124	77600
79124	78472
78464	77600
78197	77600
78197	78472
78197	77354
78197	77988
78197	78039
77869	77600
78453	77600
78453	77988
77462	77600
77462	78472
77462	77379
77462	78258
77462	77988
78701	77600
78701	77468
78549	77600
78549	78400
78248	77600
78248	79089
78663	77600
78663	77606
78663	77336
78663	79149
78663	78400
78663	78719
78324	77600
78324	78472
78324	78058
78324	77779
77283	77600
77283	78472
77784	77600
77784	78340
77784	78400
78991	77600
78991	79149
78991	78400
77601	77600
77601	77988
78537	77600
78537	78400
78855	77600
78855	79136
78855	77988
78805	77600
78805	78266
78805	78472
78805	77988
78805	78915
78050	77600
78050	78266
78050	78472
78050	77988
78096	77600
78096	78400
79112	77600
79112	78266
79112	77988
79076	77600
77565	77600
77565	77828
77565	77767
77558	77600
77558	79089
78379	77600
78379	79089
78379	77709
78379	78400
77707	77600
77419	77600
77419	77988
77419	77354
79074	77600
79074	78933
79074	78472
79074	77988
77364	77600
77364	79089
77364	78400
78823	77600
78823	78926
78823	78400
77835	77600
77835	79089
77835	78400
77615	77600
77615	78472
77615	78258
77615	78259
77615	77988
77615	78305
77615	78933
77615	77276
78516	77600
78317	77600
78317	77383
78317	79125
78317	77767
77562	77600
77687	77600
77687	77988
77839	77600
77839	78266
77839	78472
77839	77988
77839	78305
78026	77600
78026	78472
78026	78258
78026	78259
78026	77988
78026	78933
78026	77276
78924	77600
77799	77600
77799	78266
77799	77988
77418	77600
77418	78472
79096	77600
79096	78266
79096	78472
79096	77988
79096	77293
79096	78305
77825	77600
77825	78472
78098	77600
78098	78926
78098	78400
77447	77600
77447	78762
77447	78400
77350	77600
77350	78472
77350	78581
77350	77988
77350	78588
77350	78933
77288	77600
77288	78472
77423	77600
77423	78266
77423	77988
78141	77600
78141	77988
77399	77600
78018	77600
78018	77849
78018	78400
78910	77600
78910	78392
78354	77600
78354	79089
78354	78400
78388	77600
78388	78266
78388	78472
78388	77988
78388	78305
78122	77600
78122	79089
78122	78400
77546	77600
77546	78266
77546	77988
79001	77600
79001	79149
79001	78400
78683	77600
78683	78266
78683	78472
78683	77988
78683	78305
78476	77600
78476	77988
78476	78692
78476	77354
77340	77600
77340	77988
78171	79089
78171	78472
78171	77600
78171	77988
78310	77600
78310	78400
78811	77600
78811	78277
78811	77709
78811	79089
78811	78400
79160	77600
77829	77600
77829	78266
77829	77988
78908	77600
78908	78472
78908	77988
78174	77600
78174	77531
78174	77767
78295	77600
78295	77490
78295	79143
78295	78400
78947	77600
78947	78266
78947	77988
77605	77600
77605	78472
77605	78915
78895	77600
78951	77600
78951	79065
78951	78472
78933	77600
78933	78472
77775	77600
78497	77600
78497	78266
78497	78472
78497	77988
78497	78305
78381	77600
78381	78266
78381	77988
77295	77600
77295	77988
78992	77600
78992	78472
78992	78258
78992	78259
78992	78089
78992	77988
77538	77600
77538	78472
77538	78258
77538	77988
77538	77851
78503	77600
78503	77988
78535	77600
78535	78472
78535	78259
77281	79136
77281	78886
77281	77600
77281	77988
77861	77600
77861	78400
77861	78365
78430	77600
78430	78266
78430	77988
78067	77600
79090	77600
79090	79089
79090	78400
78771	77600
78771	78266
78771	77988
77359	77600
77359	77269
77359	78400
78572	77600
78572	77988
77855	77600
77855	77849
77855	78400
78484	77600
78484	79136
78484	77988
79022	77600
79022	78400
79022	78672
79022	77728
78424	77600
78798	77600
78798	78266
78798	77988
77696	77600
77696	77354
77696	77988
77696	78705
77696	78039
79038	77600
79038	78266
79038	78472
79038	77988
77709	77600
77709	78400
77446	77600
77446	78266
77446	77988
78598	77600
78598	78472
78598	77354
78598	77988
78598	78588
78598	78933
78598	78990
78598	78144
78116	77600
77924	77600
77924	77399
77284	77600
77284	78266
77284	77988
77280	78527
77280	77600
77280	77918
77280	77399
78176	77600
78176	78400
77654	77600
77654	77278
77654	78472
77654	77379
77654	78258
77654	77988
79078	77600
79078	78472
79078	78258
79078	77988
79078	77276
77776	77600
77776	77988
78084	77600
78084	77988
78498	77600
77812	77600
77812	78266
77812	77988
78872	77600
78872	78266
78872	77988
77522	77600
77522	77988
78391	77600
78391	79089
78391	78982
77733	77600
77733	78472
77438	77600
77438	78472
77798	77600
78706	77600
78706	78266
78706	78472
78706	77988
78706	78305
77403	77600
77403	78266
77403	77988
79005	77600
79005	78472
79005	78258
79005	77988
79005	77276
78517	77600
78517	79136
78517	77988
77396	77600
77396	78400
77396	78672
77396	77728
78963	77600
79148	77600
79148	77988
77726	77600
77726	78266
77726	77988
78752	77600
78752	78400
78752	78672
78752	77728
78632	77600
78632	78400
78315	77600
77991	77600
77991	78400
78994	77600
78994	78365
78994	77728
78994	78672
78994	78400
79132	77600
78489	77600
78489	78472
78489	78694
78489	78112
78489	78788
78489	78258
78489	78133
78489	77330
78489	77988
78551	77600
78196	77600
78196	79089
78196	78400
78982	77600
78982	79089
79091	77600
79091	78266
79091	77988
78471	77600
78471	77988
78471	78472
78471	78258
78854	77600
78854	78266
78854	77988
78510	77600
78510	78400
77645	77600
77645	79089
77645	78982
77768	77600
77768	78400
78365	77600
78365	78400
77685	77924
77685	77600
77685	77399
79004	77600
79004	79089
79004	78400
78544	77600
78544	79136
78544	77988
78277	77600
78277	78400
78465	77600
78465	78926
78465	79089
78465	78400
78202	77600
78202	78472
77442	77600
77442	79089
77442	78400
77700	77600
77868	77600
77868	78581
77868	78933
77868	78472
78693	77600
78693	78472
78693	78258
78693	77988
78693	77276
77944	77600
77944	77988
77944	78472
77944	78258
78809	77600
78567	77600
78567	77266
78567	77354
78567	77988
78567	78705
78567	78039
77941	77600
77941	78266
77941	77988
77398	77600
77398	79089
77398	78400
78818	77600
78818	78400
78818	78231
77705	77600
77766	77600
77766	78365
77766	77728
77766	78672
77766	78400
77394	77600
77394	78266
77394	77988
78480	77600
78480	78400
78480	78672
78480	77728
77889	77600
77889	79089
77889	78982
77833	77600
77833	78472
77833	78259
77390	77600
77390	79143
77390	79089
77390	78400
78081	77600
78081	78266
78081	77988
78081	78187
78966	77600
77659	77600
79042	77600
79042	78400
77329	77600
77329	78192
77329	78926
77329	77675
77329	78400
77977	77600
77977	78266
77977	77988
78396	77600
78396	77988
77533	77600
77533	78400
78878	77600
78878	78472
78606	77600
78606	78266
78606	78472
78606	77988
78892	77600
78077	77600
78077	77988
78077	78472
78077	78258
79016	77600
79016	78472
79016	77379
79016	78258
79016	77354
79016	77988
78660	77600
78660	78266
78660	78472
78660	77988
78660	77293
78660	78305
78980	77600
78980	78266
78980	78472
78980	77988
78980	78915
79141	77600
79141	78472
77764	77600
77764	79089
77764	78400
77635	77600
78995	77600
78995	78472
78995	78581
78995	77988
78995	78588
78995	78933
78724	77935
78724	77600
78724	77399
78883	77600
79150	77600
79150	78266
79150	77988
78093	77600
78093	78472
78093	78058
78093	77779
78401	77600
78401	78192
78401	78926
78401	77479
78401	78400
78357	77600
77957	77600
77957	78266
77957	77988
77317	77600
77317	78301
77317	77399
77317	77407
78894	77600
77649	77600
77649	77468
78640	77600
78640	78266
78640	77988
77777	77600
79159	77600
77255	77600
77255	78933
77255	78472
77255	78588
77715	77600
77715	77988
78082	77600
78082	78365
78082	78926
78082	78400
78082	78687
78869	77600
78869	78692
78869	77354
78869	77988
78869	79148
78869	78797
78321	77600
78321	78472
78321	77354
78321	77988
78321	78144
77256	77600
77256	78472
77256	78878
77256	78259
78746	77600
78746	77988
77787	77600
77787	77468
78469	77600
78469	78400
79153	77600
79153	78933
79153	78472
79153	77988
78205	77600
78205	78933
78205	78472
78230	77600
78230	78392
79149	77600
79149	78400
78860	77600
78860	77336
78860	79089
78860	78400
77736	77600
77736	78266
77736	77988
77271	77600
78288	77600
78288	78266
78288	77988
78415	77600
78415	78266
78415	78472
78415	77988
78415	77293
78415	78305
78011	77600
78327	77600
78327	78266
78327	78472
78327	77988
77972	77600
77972	79089
77972	77709
77972	78400
78225	77600
78225	78266
78225	77988
78538	77600
78538	78472
78538	77988
77732	77600
77732	78266
77732	77988
78954	77600
78954	78266
78954	77988
78265	77600
78265	79149
78265	78400
78938	77600
78938	78266
78938	78472
78938	77988
77441	77600
77441	78266
77441	77988
77432	77600
77432	77988
77949	77600
77949	77487
77949	78392
77662	77600
77662	78694
77662	78133
79094	77600
78556	77600
78556	78266
78556	78472
78556	77988
78556	78305
78495	77600
78495	78472
78495	78258
78495	77988
78495	77276
78009	77600
78009	78112
78009	77330
78355	77600
78355	77531
78355	77767
78483	77600
78483	79143
78483	78400
78942	77600
78942	78266
78942	77988
78114	77600
78114	79149
78114	79089
78114	78400
78519	77600
78822	77600
78822	78266
78822	77988
77597	77316
77597	77600
77597	78392
78814	77600
78814	78266
78814	77988
77865	77600
77865	78400
77865	78672
77865	77728
78154	77600
78154	77988
78184	77600
78184	78266
78184	77988
78437	77600
78437	78266
78437	77977
78437	78472
78437	77988
77417	77600
77417	78472
77312	77600
77312	77988
78769	77600
78769	78400
77469	77600
77469	79149
77469	78400
77990	77600
77990	78266
77990	77988
77596	77600
77596	79136
77596	77988
77805	77600
77805	78926
77805	78400
77341	77600
79127	77600
79127	78581
79127	78933
79127	78472
78948	77600
78948	78472
78948	77988
78948	78588
78948	78933
77677	77600
77677	78472
77677	77988
78005	77600
78005	78266
78005	77988
78864	77600
78864	78400
78088	77600
78088	78472
78088	78581
78088	77988
78088	78933
78997	77600
78997	79089
78997	77988
78576	77600
78576	79089
78576	77709
78576	78400
78403	77600
78403	79136
78403	77988
77770	77600
77770	78472
77770	78581
77770	77988
77770	78933
78106	77600
78106	78400
78595	77600
78595	78472
78083	77600
78083	78266
78083	77988
78373	77600
78373	77487
78373	78392
77910	77600
77910	79143
77910	78400
78501	77600
78501	78933
78501	78472
78501	78588
77353	77600
77353	78472
77353	78581
77353	77988
77353	78933
77996	77600
77996	78266
77996	77988
78515	77600
78515	78266
78515	77988
78305	77600
78305	78472
78419	77600
78419	78400
78419	78672
78419	77728
77937	77600
77937	78400
78555	77600
78555	77988
78555	77354
78555	77430
77467	77600
78828	77600
78749	77600
78749	78472
78358	77600
78972	77600
78972	78266
78972	77988
77801	77600
77801	77988
79110	77600
79110	79089
79110	77468
79110	78400
77598	77600
77598	78472
77598	78258
77598	77354
77598	79065
77598	77988
77598	78359
77598	77380
78113	77600
78113	78472
78124	77600
78124	79089
78124	78400
78779	77600
78779	78472
78779	77988
78261	77600
78261	78472
78261	78259
78762	77600
78762	78400
77416	77600
77416	77849
77416	78400
78463	77600
78463	78472
78492	77600
78492	78266
78492	77988
79144	77600
79144	78266
79144	77988
77976	77600
77976	78400
77606	77600
77606	79149
77606	78400
77500	77600
77500	78472
77408	77600
77408	78472
77408	78694
77408	78133
79002	77600
79002	77849
79002	78400
78788	77600
78788	77988
78788	78472
78788	78258
77380	77600
77380	78472
77380	78258
77380	77354
77380	79065
77380	77988
77380	78359
78745	77600
78745	78472
78932	77600
78932	79089
78071	77600
78071	78266
78071	77988
78571	77600
78571	78266
78571	77988
79061	77600
79061	78266
79061	77988
78540	77600
78540	78266
78540	78472
78540	77988
78540	78305
77412	77600
77412	78266
77412	77988
78181	77600
78181	77338
77397	77600
77397	78400
77555	77600
77555	78266
77555	77988
78688	77600
78688	78400
78477	77600
78477	78266
78477	77988
78827	77600
78827	79089
78827	78400
78827	78559
79064	77600
79064	78400
78309	77600
78309	78266
78309	77354
78309	77988
78309	77334
77963	77600
77963	77988
79114	77600
79114	78472
78523	77600
78523	78266
78523	77988
78543	77600
78543	77849
78543	78400
78057	77600
78293	77600
78293	78400
77684	77600
77684	78365
77684	77709
77684	79089
77684	78400
78628	77600
78628	78266
78628	78472
78628	77988
77624	77600
77624	78862
77624	78472
77624	77476
77624	78258
77624	77988
78425	77600
79068	77600
79068	78472
77595	77600
77595	78933
77595	78472
77595	77988
78138	77600
78138	78266
78138	77988
77265	77600
77265	79089
77265	78400
78229	77600
78229	78400
77746	77600
77584	77600
77584	78472
77584	78581
77584	77988
77584	78933
78375	77600
78375	77383
78375	77531
78375	77767
78513	77600
78513	78472
78747	77600
78747	77988
78747	77354
78296	79136
78296	78886
78296	77600
78296	77988
78600	77600
78600	79136
78600	78886
78600	77988
78600	77389
78441	77600
77415	77600
77415	77849
77415	78400
77973	77600
77973	78266
77973	78472
77973	77988
77973	77293
77973	78305
77445	77518
77445	78400
77445	77600
77683	77600
77683	78581
77683	78933
77683	78472
78237	77600
78237	79089
78237	78982
78685	77600
78685	78400
78735	77600
78735	77988
77804	77600
77804	78400
77375	77600
77375	78472
77845	77600
77845	78266
77845	77988
77492	77600
78087	77600
78087	78266
78087	77988
78087	77293
78073	77600
78073	78266
78073	78472
78073	77988
78073	78305
77582	77600
77582	77988
78488	77600
78488	78472
78488	77988
78133	77600
78133	78694
78204	77600
78204	78266
78204	77988
78739	77600
78739	78472
78739	78581
78739	77988
78739	78933
77365	77600
77365	79089
77365	78982
77978	77600
79037	77600
79037	79089
79037	78982
78494	77600
78031	77600
78031	78472
78031	78258
78031	77988
78031	77276
77947	77600
77947	79089
77947	77709
77947	78400
79079	77600
77712	77600
78568	77600
78568	78400
77952	77600
77952	77988
78278	77600
77674	77600
77674	77988
78755	77600
78755	78472
78578	77600
78578	79089
78578	78400
78578	78277
77331	77600
77331	78400
78979	77600
78979	78266
78979	77988
78344	77600
78344	78266
78344	77988
78733	77600
78733	78472
78413	77600
78413	79149
78413	79089
78413	78400
78253	77600
78253	77918
78253	77399
79054	77600
79054	78472
79054	78581
79054	78588
79054	78933
78376	78797
78376	77988
78376	77600
78376	79148
77755	77600
77755	78472
77755	78258
77755	78581
77755	78259
77755	77988
77755	78588
77755	78933
77755	77276
78703	77600
78703	77490
78703	78400
78043	77600
78043	78266
78043	77988
78193	77600
78193	78400
78241	77600
78241	78266
78241	78472
78241	77988
77686	77600
77686	79136
77686	78886
77686	77836
77686	77988
78303	77600
78303	78266
78303	78472
78303	77988
78303	78305
79143	77600
79143	78400
78279	77600
78279	78266
78279	77988
79125	77600
79125	77767
78548	77600
77621	77600
77621	78266
77621	77988
78637	77600
78637	78472
78637	77379
78637	78258
78637	77988
78847	77600
78847	78266
78847	77988
78160	77600
78160	78266
78160	77988
77856	77600
77856	79089
77856	78982
77883	77600
77883	78266
77883	77988
77883	77293
77796	77600
77796	78400
77698	77600
78808	77600
78808	78568
78808	78400
77634	77600
77634	79149
77634	78400
78267	77600
78267	77988
77347	77600
77347	78266
77347	77977
77347	78472
77347	77988
77872	77600
77872	78266
77872	78472
77872	77988
77872	78305
78308	77600
78308	78400
78308	78231
78748	77600
78840	77600
78840	77988
77644	77600
77644	79136
77644	77988
78514	77600
78514	77354
78514	77988
78514	78990
78514	78144
78893	77600
78893	78472
78109	77600
78109	77849
78109	78400
78235	77600
78235	78400
78340	77600
78340	78400
78263	77600
78263	78472
78263	78581
78263	77354
78263	77988
78263	78588
78263	78933
78263	78990
78263	78144
78461	77600
78461	78266
78461	77988
78461	77293
77904	77600
77904	78266
77904	77988
77338	77600
78741	77600
78741	77336
78741	79149
78741	79089
78741	78400
78741	78719
77440	77600
77482	77600
77482	78968
78698	77600
77857	77600
78421	77600
78421	78266
78421	77988
78934	77600
78934	78472
78934	78694
78934	78112
78934	78788
78934	78258
78934	78133
78934	77330
78934	77988
78125	77600
78125	78472
78125	78259
77272	77600
77272	77988
77272	77354
77272	78039
79020	77600
79020	79089
79020	77531
79020	77767
78985	77600
78985	78472
78985	78878
78985	77368
77807	77600
77807	78472
78361	77600
78361	78266
78361	77988
78130	77600
78130	78762
78130	79143
78130	78400
78848	77600
78848	79089
78848	78400
79007	77600
78782	77600
78782	79089
78782	78400
78782	77397
78331	77600
78331	78472
78875	77600
78875	78266
78875	78472
78875	77988
78875	78305
77772	77600
77772	78472
79035	77600
79035	78266
79035	77988
78633	77600
78633	77354
78633	77988
78633	79148
78633	78797
78633	78990
78633	78144
78765	77600
77867	77600
77867	78266
77867	77988
78329	77600
78329	78472
78329	78259
78284	77600
78284	78400
78284	78231
78254	77600
78254	79136
78254	77988
78806	77600
78806	77849
78806	78400
78311	77600
78311	77988
78930	77600
78930	78400
78918	77600
78918	77468
78366	77600
78366	78266
78366	77988
78366	77293
79095	77600
79095	79089
78107	77600
78107	79089
78107	78400
78074	77600
78074	78400
77589	77600
77589	78472
77589	78258
77589	78089
77589	77988
77897	77600
78646	77600
78646	78472
78646	77354
78646	77988
78646	78144
78186	77600
78186	78266
78186	77988
78186	77293
78434	77600
78434	78266
78434	78472
78434	77988
78434	78305
77363	77600
77363	77418
77363	78472
78988	77600
78988	78472
77583	77600
78270	77600
78270	79089
78270	78400
78856	77600
78856	79089
78856	78400
78473	77600
78473	78192
78473	78926
78473	79089
78473	78400
77903	77600
77903	78340
77903	78285
77903	78400
77611	77600
77611	79089
77611	78982
77792	77600
77792	78472
78438	77600
78143	77600
78143	78266
78143	77988
77998	77600
77998	78266
77998	77988
77998	78187
78758	77600
77828	77600
77828	77767
77388	79136
77388	78886
77388	77600
77388	77988
78635	77600
78635	78472
78635	78878
78635	78259
78199	77600
78199	78266
78199	77988
78199	77293
77945	77600
77945	78266
77945	78472
77945	77988
77945	78305
78457	77600
78457	79089
78457	78400
78006	77600
78006	78365
78006	78926
78006	78400
78006	78231
78581	77600
78581	78933
78581	78472
77902	77600
77902	77399
77750	77600
77750	77468
77750	78400
78169	77600
78169	78266
78169	78472
78169	77988
78169	78305
78155	77600
78155	79136
78155	77988
78155	79062
78155	77714
78218	77518
78218	78400
78218	77600
78061	77600
78061	78472
78061	78258
78061	78089
78061	77988
77673	77600
78482	77600
78482	77336
78482	78400
78223	77600
78223	78266
78223	77988
78036	77600
77318	77600
77318	78266
77318	77988
79107	77600
79107	78266
79107	77988
79026	77600
79026	78472
79026	77988
79026	78588
79026	78933
78619	77600
78619	78472
78619	78258
78619	77988
78619	77276
77951	77600
77951	79089
77951	78400
78990	77600
78990	77988
78990	77354
78990	78144
78075	77600
78075	78400
78075	77397
78047	77600
78047	78472
78047	78258
78047	78581
78047	78259
78047	77988
78047	78588
78047	78933
78047	77276
77905	77600
77905	77988
78678	77600
78023	77600
78023	78472
78023	77354
78023	77988
78023	78144
78086	77600
78086	78266
78086	77988
77490	77600
77490	78400
78440	77600
78440	79089
79017	77600
79017	78472
77968	77600
77968	78472
77968	77779
78717	77600
78717	78968
78936	77600
78936	77988
78936	77354
78984	77600
78984	78266
78984	77988
79046	77600
79046	78929
79046	77918
79046	77399
77959	77600
77959	78266
77959	78472
77959	77988
78952	77600
78952	78642
79060	77600
79060	78266
79060	77988
78222	77600
78222	78472
78505	77600
78505	78472
78505	78581
78505	77988
78505	78933
79039	77600
79039	78933
79039	78472
79039	77988
78334	77600
78334	78472
78334	77354
78334	77988
78334	78039
78252	77600
79008	77600
79008	78933
79008	78472
79008	77988
78919	77600
78919	78266
78919	77988
78165	77600
78165	79089
78165	78400
78165	78277
77424	77600
77424	78266
77424	77988
78622	77600
78622	78472
78616	77600
78616	79089
78616	78400
78871	77600
78871	78400
77497	77600
78665	77600
78665	77914
78665	77399
78819	77600
78819	78472
78399	77600
78399	77988
78399	77354
78405	77600
78405	78472
78405	77988
78405	78588
78405	78933
78429	77600
77566	77600
77566	78266
77566	77988
77823	77600
78831	77600
78831	77988
78332	77600
78332	78472
78332	78258
78332	77988
78332	77276
77882	77600
77882	78266
77882	77977
77882	78472
77882	77988
78787	77600
78787	79089
77846	77600
77846	78933
77846	78472
77846	78588
78901	77600
78901	78472
78602	77600
78602	77988
78602	78692
78602	77354
78829	77600
78829	78472
78959	77600
78959	78472
78891	77600
78891	79089
78891	78400
78090	77600
78090	78559
78090	78400
78877	77600
78877	79089
77852	77600
77852	77487
77852	78392
78813	77600
78813	78926
78813	78400
78455	77600
77734	77600
77734	79089
77734	78400
78564	77600
78564	78266
78564	77977
78564	78472
78564	78187
78564	77988
77545	77600
77545	79143
77545	78400
77703	77600
77703	78472
77703	78205
77703	78588
77703	78933
78220	77600
78220	78400
78139	77600
78139	78472
78142	77600
78142	78400
77528	77600
77528	78266
77528	78472
77528	77988
77528	78915
77586	79136
77586	78886
77586	77600
77586	77988
78621	77600
78621	78472
77339	77600
77339	78266
77339	77988
77859	77600
77859	77988
77859	78472
77859	78258
79058	77600
79058	77988
79058	78472
79058	78258
78491	77600
78491	77490
78491	78400
77602	77600
77602	78472
78671	77600
78671	78400
78671	78672
78671	77728
79101	77600
79101	79089
79101	78400
78195	79136
78195	79089
78195	77600
78195	77988
77969	77600
77969	78266
77969	77988
78363	77600
78363	79089
78363	78400
78228	77600
78228	77336
78228	78400
77543	77600
77543	78266
77543	77988
77724	77600
77724	78400
77344	77600
77344	78266
77344	77988
78147	77600
78147	78266
78147	77988
78487	77600
78487	78472
78487	78258
78487	77988
78487	77276
77436	77600
77436	78472
78759	77600
78759	78926
78759	78400
78003	77600
78003	79136
78003	77988
77294	77600
77294	78472
78259	77600
78259	78472
78776	77600
78776	78933
78776	78472
78776	77988
78522	77600
78522	77849
78522	78400
77958	77600
77958	79089
78257	77600
78257	77531
78257	77767
78103	77600
78103	79089
78103	78400
78103	78559
77561	77600
77561	78472
77561	78258
77561	78581
77561	78259
77561	77988
77561	78588
77561	78933
77561	77276
78400	77600
77786	77600
77786	78266
77786	77988
78610	77600
78610	78266
78610	78472
78610	77988
77592	77600
77592	78266
77592	77988
78832	77600
78832	78266
78832	77988
79030	77600
79030	79089
79030	78400
78800	77600
79152	77600
79152	79089
78449	77600
78449	78926
78449	78400
78857	77600
78857	77487
78857	78392
78185	77600
78185	78472
78185	78258
78185	77988
78185	77859
78407	77600
78407	78472
78407	77988
78490	77600
78490	78266
78490	77988
78597	77600
78597	77354
78597	77988
78597	78705
78597	78039
78150	77600
78150	78694
77547	77600
77547	78266
77547	77988
79151	77600
79151	77988
79136	77600
79136	77988
77875	77600
77875	78762
77875	78481
77875	79089
77875	78400
78214	77600
78214	77988
78214	77354
78927	77600
79082	77600
79082	78400
77306	77600
77306	77289
77306	78400
77984	77600
77984	78266
77984	77988
78416	77600
77577	77600
77577	77849
77577	78400
79063	77600
79063	78472
78192	77600
78192	78926
78192	78400
77386	77600
77386	78472
77386	78581
77386	77988
77386	78933
77810	77600
77810	78642
77983	77600
77983	78266
77983	77988
79055	77600
79055	78472
79055	78581
79055	77988
79055	78933
77800	77600
77800	78472
78504	77600
78504	78266
78504	77988
78704	77600
78704	78266
78704	77988
78675	77600
78675	79089
78675	77468
77841	77600
79070	77600
79070	78472
79070	78259
79118	77600
79015	77600
77330	77600
77756	77600
77756	78365
77756	78926
77756	77709
77756	79089
77756	78400
77790	77600
77790	79089
77790	78400
78079	77600
78079	78266
78079	77988
78012	77600
78012	78472
78412	77600
79102	77600
79102	79089
79102	78400
77900	77600
77900	78266
77900	78472
77900	77988
78609	77600
78609	77468
78272	77600
78272	78266
78272	77988
79087	77600
79087	78266
79087	77988
77379	77600
77379	77988
77379	78472
77379	78258
78565	77600
78565	78266
78565	77988
78070	77600
78070	79089
78070	77468
77886	77600
77886	78472
77735	77600
77735	78266
77735	77988
78446	77600
78446	78266
78446	77988
78446	77293
78585	79136
78585	78886
78585	77600
78585	77988
78711	77600
78711	77354
78711	77988
78711	79148
78711	78797
78711	78990
78711	78144
77815	77600
77815	78472
77557	77600
77557	78472
77557	78692
77557	77354
77557	77988
77557	78933
77824	77600
77824	78472
78244	77600
78244	78472
78580	77600
78580	77988
78783	77600
78583	77600
78583	79136
78583	77988
78025	77600
78025	78400
78478	77600
78478	78472
78478	77354
78478	77988
78478	78990
78478	78144
77352	77600
77352	78472
77352	77988
77352	78588
77352	78933
77658	77600
77658	78266
77658	78472
77658	77988
77658	78305
78810	77600
77932	77600
77932	77918
77932	77399
77573	77600
77573	78266
77573	77988
78791	77600
78791	78472
78791	78259
78161	77600
78161	77336
78161	79089
78161	78400
77714	77600
77714	79136
77714	77988
78530	77600
78530	78472
78530	78259
77332	77600
77332	77271
77332	78472
77678	77600
77678	79089
77678	78400
78558	77600
78558	77336
78558	79089
78558	78400
79011	77600
79011	78392
79109	77600
79109	78472
78815	77600
78815	78472
78815	78258
78815	77988
78815	77276
78815	78915
78824	77600
78824	77988
77532	79136
77532	78886
77532	77600
77532	77988
78751	77600
78751	78266
78751	77988
78319	77600
78319	78472
78319	77988
78319	78588
78319	78933
77409	77600
77409	79149
77409	78400
78773	77600
78333	77600
78333	77988
78364	77600
78364	78266
78364	77988
78763	77600
78763	78926
78763	78823
78763	78400
78039	77600
78039	77988
78039	77354
77896	77600
78529	77600
78529	77988
77362	77600
77362	78400
77362	77774
78928	77600
78928	78472
77278	77600
77278	78472
77278	77379
77278	78258
77278	77988
78374	77600
78374	78472
78374	78258
78374	78581
78374	78259
78374	77988
78374	78588
78374	78933
78374	77276
77647	77600
77647	78926
77647	79089
77647	78400
78200	77600
78200	78400
78200	78231
77526	77600
77526	78933
77526	78472
77526	78588
77267	77600
77267	78472
77267	77988
79117	77600
79117	79089
79117	77468
78803	77316
78803	77600
78803	78392
78157	77600
78157	78400
78256	77600
78256	78472
78256	77354
78256	77988
78256	78144
77723	77600
77723	78933
77723	78472
77723	78588
78395	77600
78395	77336
78395	79089
78395	78400
78065	77600
78065	78472
78194	77600
78194	78472
78194	78581
78194	78588
78194	78933
77269	77600
77269	78400
77578	77600
77578	78472
77578	77988
78496	77600
78496	79089
78496	78400
78859	77600
78859	79089
78859	78400
78542	77600
78542	77399
78999	77600
78999	78266
78999	77988
77632	77600
77632	78400
77518	77600
77518	78400
78974	77600
78974	78266
78974	78472
78974	77988
78807	77600
78807	78266
78807	77988
77639	77600
77639	77988
78626	77600
78626	78266
78626	78472
78626	77988
78626	78305
78902	77354
78902	78936
78902	77600
78902	77988
78110	77600
78110	78933
78110	78472
78104	77600
77568	77600
77568	78266
77568	77988
78468	77600
78468	78266
78468	78472
78468	77988
78750	77600
78750	78472
78546	77600
78546	78400
77392	77600
77392	77338
78526	77600
78526	78472
78526	77988
78226	77600
78226	78266
78226	77988
78019	77600
78019	78472
77326	77600
77326	77988
77326	78692
77326	77354
78066	77600
78066	78472
78066	78915
78377	77600
78377	79089
77258	77600
77258	78266
77258	77988
79089	77600
77929	77600
78573	77600
78573	78472
78078	77600
78078	78266
78078	77988
78557	77600
78557	78400
77525	77600
77525	78266
77525	78472
77525	77988
77525	78305
77727	77600
77727	78266
77727	78472
77727	77988
77997	77600
77997	77468
78518	77600
78518	78472
78518	78258
78518	77988
78518	77276
78943	77600
78943	78472
77472	77600
77472	78472
77457	77600
77457	78266
77457	78472
77457	77988
77457	78305
79129	79136
79129	78886
79129	77600
79129	77988
78131	77600
78131	77918
78131	77399
77661	77600
77661	79089
79098	77600
79098	78266
79098	77988
78903	77600
78903	79089
78474	77600
78474	78400
78343	77600
78343	78266
78343	77988
77367	77600
77367	78933
77367	78472
77367	77988
78592	77600
78592	77988
77675	77600
77675	78192
77675	78400
77675	78926
78720	77600
78720	78266
78720	78472
78720	77988
77458	77600
77458	77490
77458	78400
79120	77600
79120	77988
79120	78692
79120	77354
77985	77600
77985	78400
77985	78365
77263	77600
77263	78266
77263	77988
77263	77293
77372	77600
77372	79149
77372	78400
77721	77600
77721	78472
77721	78259
78862	77600
78862	77988
78862	78472
78862	78258
78887	77600
78887	78762
78887	78481
78887	79089
78887	78400
78251	77600
78251	78400
78251	78672
78251	77728
78777	77600
78777	78400
79154	77600
79154	79089
79154	78982
78644	77600
78644	79089
78233	77600
78233	78266
78233	77988
79028	77600
79028	78472
78034	77600
78034	77988
79134	77600
79134	79089
79134	78982
77938	77600
77938	78400
78409	77600
77838	77600
77838	78266
77838	77988
78001	77600
78001	78472
77495	77600
77495	78192
77495	78400
77495	78926
78404	77600
77450	77600
77450	78472
77450	78058
77450	77779
78119	77600
78119	78266
78119	77988
78731	77600
78731	77988
79067	77600
79067	78472
79067	78258
79067	77988
79067	77276
78148	77600
78148	78559
78148	78400
77539	77600
77539	79089
77539	78400
78210	77600
78210	78266
78210	77988
77290	77600
77290	78400
78715	77600
77506	77600
77506	79149
77506	78400
79123	77600
79123	77918
79123	77399
78433	77600
78433	78192
78433	78926
78433	79089
78433	78400
78008	77600
78008	79136
78008	77988
78168	77600
78168	78762
78168	79089
78168	78400
78298	77600
78298	79089
78298	78982
77612	77600
77612	79089
77612	78400
77612	78365
78232	77600
78232	78472
77630	77600
77630	78472
78456	77600
78456	78266
78456	78472
78456	78258
78456	77988
78456	78933
78456	77276
78456	78915
79069	77600
79069	77988
79057	77600
79057	78472
79057	78581
79057	77988
79057	78933
78921	77600
78921	78266
78921	77988
79012	77600
79012	78266
79012	78472
79012	77988
79012	77293
79012	78305
78926	77600
78926	78400
78790	77600
78790	78472
78817	77600
78817	78077
78817	78472
78817	78258
78817	78145
78817	77988
78041	77600
78041	78400
77262	77600
77262	78266
77262	77988
77722	77600
77722	79089
77722	78982
77808	77600
77808	78762
77808	78400
78013	77600
78013	78266
78013	77988
77567	77600
77567	79089
77898	77600
77898	78266
77898	77988
77758	77600
78987	77600
78987	77468
78987	78400
77881	77600
78900	79136
78900	78886
78900	77600
78900	77988
78346	77600
78346	78266
78346	78472
78346	77988
78346	78305
77464	77600
77626	77600
77626	79089
77626	78400
78436	77600
78436	78266
78436	77988
78245	77600
78245	78400
78728	77600
77585	77600
77585	77336
77585	78400
77498	77600
77498	78266
77498	78472
77498	77988
78866	77600
78866	78266
78866	77988
77785	77600
77785	77988
77876	77600
77876	78400
78838	77600
78838	78266
78838	78472
78838	77988
78838	77293
78838	78305
78786	77600
78786	78926
78786	78400
78603	77600
78603	77988
78753	77600
78753	77988
78641	77600
78641	77849
78641	78400
77822	77600
78605	77600
78605	78266
78605	77988
77471	77600
77471	78266
77471	77988
77275	77600
77275	78472
77275	77988
77275	78588
77275	78933
77706	77600
77706	78472
77706	77988
77460	77600
77460	79143
77460	78400
78389	77600
77454	77600
77454	78266
77454	78472
77454	77988
77454	78305
77587	77600
78137	77600
78137	77988
78137	78692
78137	77354
79034	77600
79034	78266
79034	78472
79034	77988
79034	78305
77878	77600
78950	77600
78950	79149
78950	79089
78950	78400
78961	77600
77743	77600
77743	78472
77893	77600
77893	78266
77893	78472
77893	77988
77893	78305
78320	77600
78320	78472
78320	78258
78320	77988
78320	77851
78676	77600
78470	77600
78470	78472
79053	77600
79053	78926
79053	78400
77725	77600
77725	79089
77725	78400
78826	77600
78826	78266
78826	77988
77989	77600
77989	78266
77989	77988
79106	77600
79106	79089
79140	77600
79140	78472
79140	78258
79140	77988
79140	77276
77477	77600
77477	78266
77477	78472
77477	77988
77391	77600
77391	78472
78144	77600
78144	77988
78144	77354
77749	77600
77749	78472
78431	77600
78431	78266
78431	78472
78431	77988
78654	77600
78654	79089
78584	77600
78584	78277
78584	78926
78584	79089
78584	78400
77524	77600
77524	78266
77524	77988
79157	77600
79157	79089
77520	78797
77520	77988
77520	77600
77520	79148
77627	77935
77627	78935
77627	77600
77627	77399
78182	77600
78182	78472
78182	77988
78182	78588
78182	78933
78512	77600
78512	78472
78512	78581
78512	77988
78512	78588
78512	78933
77751	77600
77751	78266
77751	77988
77751	77293
78326	77600
78326	77354
78326	77988
78326	78990
78326	78144
78976	77600
78666	77600
78666	78266
78666	78472
78666	77988
78666	78305
77652	77600
77652	78472
78614	77600
77877	77600
77877	78266
77877	77988
77616	77600
77616	78266
77616	78472
77616	77988
77616	78305
78697	77600
78697	78400
77554	77600
77554	78472
78068	77600
77337	77600
77337	78266
77337	77988
78454	77600
78454	77988
78040	77600
78040	78266
78040	78472
78040	77988
78108	77600
78108	78392
78370	77600
78370	79089
78370	77988
77906	77600
78670	77600
78670	78933
78670	78472
78670	78588
78111	77600
78111	79089
78111	78400
78369	77600
78369	78266
78369	77988
78466	77600
78466	78968
79023	77600
78033	77600
78033	78266
78033	77977
78033	78472
78033	77988
77307	77600
77307	77988
79156	77600
79156	78472
79156	78259
78812	77600
78812	78266
78812	77988
78867	77600
78867	77354
78867	77988
78867	78990
78867	78144
78120	77600
78120	78472
78120	78259
78643	77600
78643	79149
78643	78400
77962	77600
77962	78400
79084	77600
79084	79089
78969	77600
78969	79089
78969	78400
77928	77600
77928	78266
77928	78472
77928	77988
77928	78305
78956	77600
78956	78472
78956	77354
78956	77988
78956	78039
78281	77600
78281	78266
78281	77988
78802	77600
78802	78472
78802	78258
78802	78581
78802	78259
78802	77988
78802	78588
78802	78933
78802	77276
78145	77600
78145	78077
78145	78472
78145	78258
78145	77988
78191	77600
78191	78472
78191	78258
78191	77988
78191	77276
79051	78797
79051	77988
79051	77600
79051	79148
77594	77600
77594	77988
77788	77600
77788	78400
78648	77600
78648	78581
78648	78933
78648	78472
77782	77600
77782	78266
77782	77988
77849	77600
77849	78400
77385	77600
77385	77487
77385	78392
77780	77600
77780	78472
77780	78259
77428	77600
77428	79089
77428	78982
77702	77600
77702	78400
77529	77600
77529	79136
77529	77988
77713	77600
77713	78581
77713	78933
77713	78472
78178	77600
78178	78472
78178	78258
78178	78692
78178	77354
78178	77988
78178	77911
77667	77600
77667	77988
77993	77600
77993	78266
77993	77988
77993	78187
77619	77600
77619	77849
77619	78400
78509	77600
78509	78472
78886	77600
78886	79136
78886	77988
77948	77600
77948	78266
77948	77988
77742	77600
77742	78400
78560	77600
78560	78266
78560	77988
77593	77600
77593	79149
77593	79089
77593	78400
78781	77600
78781	78266
78781	77988
77640	77600
77640	78266
77640	78472
77640	77988
77640	78305
77781	77600
77781	78472
77781	77988
77781	78588
77781	78933
77304	77600
77789	77600
77789	78266
77789	77988
77461	77600
77461	78266
77461	78472
77461	77988
77461	77293
77461	78305
77717	77600
77717	79089
77717	78400
78221	77600
78949	77600
78949	78266
78949	78472
78949	77988
78949	77293
78949	78305
78937	77600
78937	79089
77747	77600
77747	79089
77747	78400
77354	77600
77354	77988
78881	77600
78881	78472
78881	78915
77657	77600
77657	79136
77657	77988
77940	77600
77940	78266
77940	78472
77940	77988
77537	77600
77537	78266
77537	78472
77537	77354
77537	77988
77537	78039
78680	77600
77475	77600
77475	79089
77475	78400
78730	77600
78730	77988
77837	77600
77837	78472
78627	77600
78627	78472
78627	78258
78627	77988
78627	77276
78627	78915
77425	77600
77425	78559
77425	78400
78000	77354
78000	78144
78000	77988
78000	77600
78276	77600
78276	78472
78276	78259
77783	77600
77783	79089
77783	78400
78662	77600
78662	78266
78662	78472
78662	77988
79010	77600
79010	78365
79010	78926
79010	77709
79010	79089
79010	78400
77907	77600
79013	77600
79013	78400
78744	77600
78443	77600
77961	77600
77961	78472
77961	78258
77961	77988
77961	77276
78975	77600
78975	78266
78975	77988
78411	77600
78411	78266
78411	78472
78411	77988
78451	77600
79145	77600
79145	78266
79145	78472
79145	77988
77358	77600
77358	77988
77358	77354
77358	78039
78402	77600
78402	78472
78402	77630
78306	77600
78306	78266
78306	77988
78502	77600
78502	77988
78502	77354
78502	77430
78372	77600
78372	78472
78372	78258
78372	78089
78372	77988
77744	77600
77744	78581
77744	78933
77744	78472
78874	77600
78874	78266
78874	78472
78874	78258
78874	77988
78874	77276
78874	78915
78330	77600
77300	77600
77300	77531
77300	79125
77300	77767
77327	77316
77327	77600
77327	78392
78166	77600
78166	77988
77549	77600
77549	78472
77549	77779
77604	77600
77302	77600
77302	78472
79014	77600
79014	79089
79014	78982
78582	77600
78911	77600
78911	77849
78911	78400
77360	77600
77999	77600
77349	77600
78190	77600
78190	78266
78190	77988
78062	77600
78062	78472
78062	77988
77420	77600
77420	78472
77420	78258
77420	78089
77420	77988
77939	77600
77939	78472
77987	77600
77987	77988
78737	77600
78737	78472
78737	78581
78737	77988
78737	78933
78774	77600
78774	78472
78774	78581
78774	77988
78774	78933
77950	77600
77950	78472
77950	78258
77950	77988
77950	77276
78960	77600
77716	77600
77716	79149
77716	79089
77716	78400
79137	77600
79137	78472
79137	77988
79137	78588
79137	78933
78615	77600
78615	78266
78615	77988
77487	77600
77487	78392
78153	77600
78153	77354
78153	77988
78153	79148
78153	78797
78153	78990
78153	78144
77628	77600
78209	77600
78209	78266
78209	77988
78215	77600
78215	79136
78215	77988
78661	77600
78661	77988
77484	77600
77484	79136
77484	77988
79138	77600
79138	78266
79138	77988
77614	77600
77614	78365
77614	77709
77614	79089
77614	78400
78121	77600
78121	78472
77692	77600
77692	78392
78821	77600
78821	78266
78821	77988
78132	77600
78132	77988
78188	77600
78188	78266
78188	77988
77778	77600
77778	79089
77778	78400
78115	77600
78115	78926
78115	79089
78115	78400
78964	77600
78964	78266
78964	77988
77474	77600
77474	78266
77474	77988
77503	77600
77486	77600
77486	78266
77486	77988
77731	77600
77731	78472
77731	78258
77731	78581
77731	78259
77731	77988
77731	78588
77731	78933
77731	77276
77767	77600
78129	77600
78129	78266
78129	77988
78002	77600
78002	78472
78002	78258
78002	77988
78002	77276
77967	77600
77967	78472
78846	77600
78020	77600
78020	79149
78020	79089
78020	78400
77681	77600
77681	78266
77681	78472
77681	77988
77681	78305
77346	77600
78485	77600
78485	78926
78485	78823
78485	78400
77607	77600
77607	79143
77607	79089
77607	78400
77571	77600
77571	78266
77571	77988
77257	79136
77257	78886
77257	77600
77257	77988
78713	77600
78713	79089
78528	77600
78528	78472
77517	77600
77517	78472
78010	77600
78010	78266
78010	77988
77888	77600
77888	78400
77888	78469
77449	77600
78945	77600
78945	78266
78945	77988
77754	77600
77754	78266
77754	77988
77979	77600
77979	78472
78380	77600
78380	78357
78172	77600
78172	77468
78172	78400
77496	77600
77496	78472
77891	77600
77891	78472
77891	77354
77891	77988
77891	78305
77891	78039
78398	77600
78398	79143
78398	78400
77748	77600
77748	78266
77748	78472
77748	77988
77748	78305
77737	77600
77737	78266
77737	77988
78569	77600
78569	78266
78569	77988
77308	77600
77308	79143
77308	78400
78531	77600
78531	78472
78531	78258
78531	77988
78531	77276
79147	77600
79147	78472
78126	77600
78126	79143
78126	79089
78126	78400
77618	77600
77618	77988
77505	77600
77505	78266
77505	77988
78268	77600
78268	78862
78268	78472
78268	77476
78268	78258
78268	77988
78384	77600
78384	78472
78384	77988
77745	77600
77745	78472
77553	77600
78839	77600
78839	78266
78839	77988
78839	77293
77816	77600
77816	78933
77816	78472
77816	78588
77560	77600
79135	77600
79135	78400
77395	77600
77395	77988
78865	77600
78865	79149
78865	78400
77653	77600
77653	78472
77653	78258
77653	77988
77653	77859
77451	77600
77451	78266
77451	77988
78511	77600
78541	77600
78541	78400
77465	77600
78280	77600
78318	77600
78318	78472
78318	78259
78266	77600
78266	77988
78467	77600
78467	78266
78467	77988
78689	77600
78689	78266
78689	77988
78432	77600
78432	78400
78785	77600
78785	78472
78785	78259
77478	78797
77478	77988
77478	77600
77478	79148
78163	77600
78163	78400
78447	77600
78447	78266
78447	78472
78447	77988
77541	77600
77541	78266
77541	77988
77377	77354
77377	77988
77377	77600
77377	78039
78156	77600
77988	77600
78255	77600
78255	77988
78255	77354
78255	77430
77405	77600
77405	78400
77405	78231
78989	77600
78989	78472
78989	77988
79006	77600
79006	77988
78287	77600
78287	78472
78287	78258
78287	77354
78287	79065
78287	77988
78287	77399
78287	78359
78287	77924
78287	77380
79092	77600
79092	79089
79092	78400
79092	78559
79009	77600
79009	78472
79009	78259
77648	77600
77648	79089
77648	78400
78378	77600
78378	78472
78007	77600
78007	79089
78007	78982
78260	77600
78260	78266
78260	77988
77710	77600
77710	78472
77710	78259
77879	77600
77879	78266
77879	77988
78243	77600
78243	77918
78243	77280
78243	77399
78243	78527
77374	77600
79073	77600
79073	78472
78408	77600
78408	78472
77355	77600
77355	78472
78792	77600
78792	78472
78792	77988
77378	78797
77378	77988
77378	77600
77378	79148
78481	77600
78481	78400
78716	77600
78716	78472
78716	78878
78716	78259
78629	77600
78629	78926
78629	78823
78629	78400
77892	77600
77892	78472
77892	78581
77892	77988
77892	78933
78299	77600
77794	77600
77794	78472
77794	78258
77794	77354
77794	79065
77794	77988
77794	78359
77794	78933
77794	77380
77819	77600
77819	78266
77819	77988
78677	77600
78677	78266
78677	78472
78677	77988
78677	78305
77489	77600
77489	78472
78618	77600
78618	78400
78618	78231
78038	77600
78038	79089
78038	78400
78038	77397
77682	77600
77682	79031
77682	78392
78493	77600
78493	78400
78705	77600
78705	77988
78705	77354
78705	78039
77342	77600
77342	78968
78853	77600
78853	78933
78853	78472
78853	77988
77832	77600
77832	77418
77832	78472
78882	77600
78882	77988
78015	77600
78015	78266
78015	77988
79036	77600
77753	77600
77753	79089
78852	77600
78898	77600
78898	78266
78898	77988
78760	77600
78760	78266
78760	77988
78348	77600
78348	78472
78596	77600
78596	79089
78291	77600
78291	78568
78291	78400
79113	77600
79113	79089
79113	78400
78146	77600
78146	78968
79025	77600
79025	77988
78658	77600
78658	79089
78658	78400
77739	77600
77701	77600
77701	77336
77701	79149
77701	79089
77701	78400
77701	78719
77335	77600
77335	78266
77335	78472
77335	77988
77335	77293
78242	77600
78242	78933
78242	78472
78242	78588
77479	77600
77479	78192
77479	78400
77479	78926
79111	77600
79111	79089
79111	78400
78850	77600
78850	78266
78850	77988
77410	77600
77410	78400
77620	77600
77620	78472
78834	77600
78834	78266
78834	77988
78917	77600
78917	78266
78917	77988
78761	77600
78761	78472
78594	77600
78594	78472
78247	77600
79108	77600
79108	78472
78339	77600
78339	78266
78339	77988
77842	77600
77842	78400
77324	77600
77324	78266
77324	77988
78844	77354
78844	78936
78844	77600
78844	77988
78608	77600
78608	77988
78097	77600
78097	79149
78097	78400
78780	77600
78780	78694
78780	78150
78780	77774
78780	78400
79146	77600
79146	78266
79146	77988
78414	77600
78414	78472
77523	77600
77523	78266
77523	78472
77523	77988
77523	78305
77305	77600
77305	79089
77305	78400
77887	77518
77887	78400
77887	77600
77463	77600
77689	77600
77689	78266
77689	77988
78851	77600
78851	78266
78851	78472
78851	77988
78851	78305
78552	78797
78552	77988
78552	77600
78552	79148
78915	77600
78915	78472
78696	77600
78696	78472
78696	78258
78696	78089
78696	77988
79000	77600
79000	79089
79000	78982
77858	77600
77858	78400
78879	77600
78879	78472
77730	77600
77730	78472
77757	77600
77757	79089
77617	77935
77617	77600
77617	77399
77622	77600
77622	78642
77622	78968
77435	77600
77435	78400
77576	77600
77576	78472
77576	78258
77576	77988
77576	77851
77752	77600
77752	77988
77793	77600
77793	78472
78426	77600
78426	78266
78426	77988
79077	77600
79077	78266
79077	77988
78134	77600
78134	77988
78442	77600
78442	77988
78442	77354
78725	77600
78725	77988
78725	78692
78725	77354
77637	77600
77637	79143
77637	79089
77637	78400
77402	77600
77402	78472
77402	78581
77402	77988
77402	78933
77759	77600
77759	78266
77759	77988
79043	77600
79043	77918
79043	77280
79043	77399
79043	78527
77499	77600
77499	78933
77499	78472
77499	77988
78349	77600
78072	77600
78072	78581
78072	78933
78072	78472
77328	77600
78353	77600
78353	77988
77552	77600
77552	78642
78721	77600
78721	78266
78721	77988
78385	77600
78385	77988
78981	77600
78981	78266
78981	77988
78452	77600
78452	78472
78359	77600
78359	77988
78359	78472
78359	78258
77930	77600
77930	79089
77930	78400
78638	77600
78638	77468
78630	77600
78630	78933
78630	78472
78630	77988
77371	77600
78016	77600
78016	78266
78016	77988
78796	77600
78796	78365
78796	78277
78796	77709
78796	79089
78796	78400
77779	77600
77779	78472
79085	77600
79085	77914
79085	77399
79085	79089
79085	77531
79085	77767
79099	77600
79099	79089
79099	78400
77847	77600
77847	79089
78128	77354
78128	77988
78128	78692
78128	77600
78459	77600
78459	78933
78459	78472
78459	77988
78718	77600
78718	78472
78718	77354
78718	77988
78718	78144
77286	77600
78925	77600
78925	78933
78925	78472
78925	78588
77834	77600
77834	78266
77834	77988
78048	77600
78048	78266
78048	77988
77741	77600
77741	79089
77741	78400
77826	77600
77826	78933
77826	78472
77826	78588
78738	77600
78738	78472
77926	77600
77926	78266
77926	77988
77297	77600
77297	78400
77704	78797
77704	77988
77704	77600
77704	79148
77508	77600
77508	79089
77508	78400
78842	77600
78842	78400
78286	77600
78286	78400
77871	77600
77871	79089
78059	77600
78059	78472
79027	77600
79027	77653
79027	78472
79027	78258
79027	77988
79027	77859
77694	77600
77694	78392
77564	77600
77564	78266
77564	77988
78996	77600
78996	79089
78996	78400
77491	77600
77491	79089
77491	77988
77429	77600
77672	77600
77672	79089
77672	78400
79019	77600
79019	78266
79019	77988
78708	77600
78180	77600
78180	78472
78180	77988
77433	77600
77433	79136
77433	77988
77466	77600
77466	77988
77466	77354
77466	78039
77916	77600
77916	78472
77400	77600
77400	79089
77400	78400
77643	77600
77643	78266
77643	77988
78912	77600
78912	78266
78912	77988
77516	77600
77516	78266
77516	77988
78118	77600
78118	77653
78118	78472
78118	78258
78118	77354
78118	77988
78118	77859
78118	78936
77679	77600
77679	78472
77679	78258
77679	77988
77679	77276
77336	77600
77336	78400
79083	77600
79083	78400
77361	77600
77361	78266
77361	78472
77361	77988
78335	77600
78335	78472
78335	78258
78335	77988
78335	77276
77316	77600
77316	78392
78212	77600
78212	78266
78212	78472
78212	77988
78212	78305
77840	77600
77287	77600
77287	79089
78986	77600
77729	77600
77729	77988
77603	77600
77603	78568
77603	78400
77514	77600
77514	79136
77514	77988
77370	77600
77370	78472
77370	79058
77370	78258
77370	79065
77370	77988
77894	77354
77894	77988
77894	77600
77894	77430
79139	77600
78726	77600
78726	77988
77261	77600
77261	78266
77261	77988
77981	77600
77981	77988
77981	77354
79044	77600
79044	78266
79044	77988
