44906	45659
44906	45364
44906	45626
44411	45659
44411	45364
44411	45626
44411	44721
45138	45659
45138	45626
44415	45659
44415	45528
44415	45626
45062	44908
45062	45659
45062	45486
45062	44706
44970	45659
44970	45626
45061	45659
45061	45486
45061	44706
45442	45659
45442	44461
45442	45486
44439	45659
44439	45364
44439	45567
44439	45626
45751	45659
45751	45691
45751	45301
45573	45583
45573	45659
45573	44762
44877	45659
44877	45626
45379	45659
45379	44461
44418	45659
44418	45567
45775	45659
45775	45486
44776	45659
44776	45567
44776	45626
45587	45659
45587	45396
45587	45486
45387	45659
45387	45626
44782	44720
44782	45659
44782	45567
45269	45659
45269	45626
45706	44461
45706	45648
45706	45396
45706	45486
45706	45659
45706	44572
45505	44461
45505	45648
45505	45396
45505	45486
45505	45659
45668	45659
45668	45396
45668	45486
45091	44721
45091	44441
45091	45413
45091	45659
45091	45626
45091	44753
44959	45659
44959	45486
44959	44706
44882	45659
45627	45659
44622	45659
44622	45486
44622	44483
45647	45659
45647	45396
45647	45486
45647	45634
45422	45659
45422	45567
45611	45659
44639	45567
44639	45659
44639	44576
44639	45626
44639	45574
45529	45659
45529	45626
44473	45659
44473	44999
44473	44461
44473	45486
44610	45659
44858	45659
44858	45567
44858	45626
44543	45659
44543	44461
44644	45659
44644	44461
45065	45659
45065	45626
45584	45659
45584	44461
44522	45659
44522	45156
44522	44812
44522	45567
44809	45659
44809	44999
44809	44461
44809	45493
44749	45659
44749	45396
44749	45486
45469	44999
45469	44461
45469	45493
45469	45486
45469	45659
45469	45358
44731	45659
44731	44461
45398	45659
45398	45626
44725	45659
44725	44461
44392	44461
44392	45407
44392	45486
44392	45396
44392	45659
45716	44450
45716	45659
45716	45626
45049	45659
45049	45626
44429	45659
44429	44461
44385	44455
44385	45042
44385	45659
44385	44461
44629	45659
44629	45626
45719	45659
45719	44917
45719	44953
45719	44695
44789	45659
44789	44461
44789	45396
44789	45486
45400	45659
44711	45659
44711	44461
45409	45042
45409	45659
45409	44461
44575	45659
45670	45659
45670	44461
45670	45486
45597	45659
45597	45486
44587	45457
44587	44461
44587	45486
44587	45071
44587	45659
45649	45659
45649	45486
45649	44706
44708	44720
44708	45659
44708	45567
44552	45659
44552	45486
45326	45659
45326	44461
44617	45659
44617	45486
45348	45659
45348	45396
45348	45486
45731	45659
45731	44716
45731	44461
45314	44461
45314	45648
45314	45396
45314	45486
45314	45659
45082	45659
44685	45659
44685	44461
44396	45659
44396	44826
44396	44917
44396	44953
44798	45659
44798	45626
44428	45659
45488	44482
45488	45659
45488	45626
45580	45659
45580	45396
45580	45486
45195	44461
45195	45486
45195	45071
45195	45659
45195	45494
45165	44482
45165	45659
45165	45567
45165	45626
45096	45659
45096	44716
45096	44461
45405	45659
45405	45087
45405	45301
44468	45659
44468	45486
45088	44720
45088	45659
45088	45567
45708	45659
45708	45396
45708	45486
44692	44908
44692	45659
44692	45486
44692	44706
44520	45659
44520	45396
44520	45486
45150	44746
45150	45659
45150	45567
45150	45626
45502	45659
45502	45626
45081	45486
45081	45219
45081	45659
45081	44935
45081	44483
45591	44721
45591	44400
45591	45659
45591	45626
45591	45574
44631	45659
44487	45659
44487	44461
45414	44461
45414	45396
45414	45486
45414	45659
45414	45644
44727	44721
44727	45528
44727	45659
44727	45626
44727	45574
44443	45659
44443	45626
45093	45659
44432	44999
44432	45659
44432	45358
44432	44461
44823	45659
45337	45659
45337	44461
45717	45659
45717	45626
45021	45659
45169	44999
45169	44461
45169	45486
45169	45659
45169	45764
45169	44483
44864	45659
44864	44461
45254	45659
45254	44461
45167	44400
45167	45659
45167	45626
45167	44721
44501	45567
44501	45659
44501	44576
44501	45626
44501	44629
44564	45659
44564	44461
44564	45486
45020	45659
45020	44461
45450	45659
45222	45659
45222	45528
45222	45626
44608	45659
44608	44999
44608	44461
44608	45493
45696	45659
44936	45659
44936	44441
44936	45626
44398	44721
44398	45413
44398	45659
44398	45626
44398	44568
44398	44753
45571	45659
45571	44616
45720	45659
45720	45567
45070	45659
44568	45413
44568	45659
44568	45626
44568	44721
44452	45659
44452	45396
44452	45486
44808	45659
44808	45626
44384	45659
44384	45364
44384	45626
44662	45659
44662	45626
44822	44461
44822	45486
44822	45659
44822	45164
44822	44483
45741	45659
44880	45659
44880	45574
44880	45626
44736	45659
44736	44461
44736	45486
44630	45659
44630	45567
44630	45626
44492	44461
44492	45486
44492	45071
44492	45659
44492	45494
45434	45659
45434	45396
45434	45486
45462	45659
45462	44361
44752	45659
44752	44816
44752	45626
44752	44387
44548	45659
44548	45626
45465	45659
45465	44361
45100	44461
45100	45407
45100	45486
45100	45396
45100	45659
44417	45659
44389	45659
44408	45659
44408	45486
44408	45764
44408	44483
45577	45659
45226	45659
45226	45626
44515	45659
44515	45486
44857	45659
44857	45396
44857	45486
45029	45659
45029	44461
44572	45659
44572	45396
44572	45486
45187	45659
45187	45626
44768	44461
44768	45648
44768	45396
44768	45486
44768	45659
44546	44999
44546	44716
44546	45493
44546	44461
44546	45486
44546	45071
44546	45659
44546	45358
44546	45494
44757	45659
44757	44461
45507	45659
45313	45659
44774	45659
44774	45486
45168	45659
45168	45396
45168	45486
45727	44720
45727	45659
45727	45567
45408	45659
45408	44461
44363	45659
44363	45567
44363	45626
44550	45659
44550	44616
45489	45659
45489	44461
45489	45396
45489	45486
44420	45659
44420	45528
44420	45626
44500	45659
45037	45659
45037	44461
45037	45486
44401	45659
44401	44826
44401	44917
44401	44953
44502	45659
44502	44441
44502	45567
44502	45626
45745	45659
45745	44461
45248	45659
45248	45486
45248	44483
44509	44461
44509	45648
44509	45396
44509	45486
44509	45659
44509	44572
45295	45659
45555	45659
45555	44953
45555	44526
44498	45659
44498	44461
45298	45659
45298	44461
45298	44436
44469	45659
44469	44461
44469	45396
44469	45486
45726	45659
45726	45301
44570	44826
44570	44953
44570	45659
44570	44917
44570	44401
45742	44461
45742	45648
45742	45396
45742	45486
45742	45659
44817	45659
44817	45486
44817	44483
45607	45659
45607	44461
44933	45659
44933	44441
44933	45626
44402	45659
44402	44814
45127	45659
45201	45659
45201	44361
45299	45659
45008	45659
45008	45486
45133	45659
45133	45301
45144	45659
45144	44461
45224	45659
45224	45396
45224	45486
45373	45659
45373	45626
44616	45659
45089	45659
45089	44461
45084	45659
45084	44999
45084	44461
45084	45486
44539	45659
44539	45396
44539	45486
45223	45659
45223	44461
45099	45659
45099	45486
44416	45659
44416	44461
44816	45659
44816	44387
44816	45626
44854	45659
44854	44461
44464	45659
44464	45396
44464	45486
44470	45659
44769	45659
44769	44461
44480	45659
44480	44721
44480	45626
45009	45659
45456	45659
45456	44953
45456	45458
45559	45659
45559	44852
45559	45486
45559	44483
45113	45659
45113	45567
45113	45626
45638	44721
45638	45567
45638	45659
45638	44576
45638	45626
45638	45574
44672	45659
44595	45659
44595	44953
44595	45458
44835	45659
44431	44482
44431	45659
44431	45626
44367	45659
44367	45396
44367	45486
44367	45634
45457	45071
45457	45659
45457	44461
45457	45486
45643	45659
45643	44716
45643	45613
45643	44461
45567	45659
44765	45659
44765	45396
44765	45486
44865	44461
44865	45486
44865	45071
44865	45659
44865	44436
44865	45291
44865	44483
45345	45659
45345	44441
45345	45626
44412	45659
44412	44999
44412	44461
44412	45493
45171	45659
45365	45659
45365	45396
45365	45486
44634	45659
45351	45659
45351	44716
45351	44461
45546	45659
45546	45396
45546	45486
45154	44461
45154	45648
45154	45396
45154	45486
45154	45659
45544	45659
45645	44721
45645	44441
45645	45659
45645	45292
45645	45626
45553	45659
45553	45626
45553	44721
45733	45659
44683	44461
44683	45648
44683	45396
44683	45486
44683	45659
44683	44572
44457	45071
44457	45659
44457	44461
44457	45486
44440	45659
44656	45659
44656	44917
44656	44953
45401	44999
45401	45659
45401	45358
45401	44461
45495	45659
45495	44461
44510	45659
44510	45486
44571	44706
44571	45659
44571	45486
44571	45040
44689	45659
44689	45156
44689	44812
45363	44461
45363	45648
45363	45396
45363	45486
45363	45659
45056	45659
45056	45626
44941	45659
44941	45590
44941	44953
44941	44462
45710	45659
45710	45567
45710	45626
44764	44572
44764	45659
44764	45396
44764	45486
45229	45659
45229	44461
44876	45659
44876	44461
44876	45486
45756	44999
45756	44716
45756	45493
45756	44461
45756	45486
45756	45071
45756	45659
45756	45358
45756	45447
45756	45494
45756	45164
45756	44483
44836	45659
44922	45659
44922	44461
44606	45659
44477	45659
44477	45626
45225	45659
45225	45626
45265	45659
45265	45396
45265	45486
44968	45659
44968	45486
44968	44510
44968	44645
45024	45659
45024	44480
45024	44721
45024	45626
45255	44999
45255	44461
45255	45493
45255	45486
45255	45659
45701	45659
45701	45396
45701	45486
45536	45175
45536	45659
45536	45626
45067	44402
45067	45583
45067	44461
45067	45486
45067	45071
45067	45659
45067	44771
45067	44814
45067	44762
45076	44721
45076	45567
45076	45659
45076	44576
45076	45626
45076	45574
45690	45659
45690	45567
45690	45626
45341	44999
45341	44461
45341	45493
45341	45486
45341	45659
45341	45358
45736	45659
45260	45659
45260	45486
44855	45659
45761	45659
45761	45486
45761	44706
44717	45659
44862	45659
44862	45486
45678	44702
45678	45659
45678	45486
45678	44483
44992	45156
44992	44953
44992	44812
44992	45567
44992	45659
44992	45772
45075	45659
45075	44461
44603	45659
44603	45396
44603	45486
44658	44461
44658	45648
44658	45396
44658	45486
44658	45659
44978	45659
44978	45364
44978	45626
45217	45659
44706	45659
44706	45486
45662	45659
45633	44461
45633	45486
45633	45071
45633	45659
45633	45205
45669	45659
45669	45772
45669	44953
44834	45659
44834	44716
44834	44461
45703	44572
45703	45659
45703	45396
45703	45486
45297	45659
45297	45396
45297	45486
45371	45659
45371	45396
45371	45486
45215	45659
45215	44461
45231	45659
44650	44461
44650	45486
44650	45659
44650	44483
44650	45200
44674	45659
44638	44572
44638	45659
44638	45396
44638	45486
45141	45659
45141	45567
45141	45626
44535	45659
44535	44531
45119	44461
45119	45648
45119	45396
45119	45486
45119	45659
44681	45659
44681	44917
44681	44953
44499	45659
44499	44999
44499	44461
44499	45493
45077	45175
45077	45659
45077	45626
45682	44461
45682	45486
45682	45071
45682	45659
45682	44813
44812	45659
44812	45156
45528	45659
45528	45626
45233	45659
45233	44461
45510	44720
45510	45659
45510	45567
44759	45659
44759	45626
45063	45659
44856	45659
44856	44531
44856	45567
44850	45175
44850	45659
44850	45626
45540	45659
45540	45486
45287	45659
45287	45626
44382	45659
44382	45626
44563	45659
44563	45486
45411	45659
45411	45486
44843	45659
44843	45304
44843	45626
45419	45659
45419	45486
45419	45567
45016	45659
45016	45567
45016	45626
44902	45659
44902	44461
44526	45659
44526	44953
44931	45659
44931	44461
45117	45659
45117	45567
45117	45626
45639	45659
45118	45659
45118	45486
45630	45659
45630	45626
45243	45659
45243	44461
45243	45486
45243	45567
44722	45659
45468	44721
45468	45327
45468	45413
45468	45659
45468	45626
45728	45659
45340	45659
45459	44482
45459	45659
45459	45567
45459	45626
45482	44461
45482	45486
45482	45071
45482	45659
45482	45494
45194	45659
45194	45396
45194	45486
44949	45659
44770	45659
44770	44480
44770	44721
44770	45626
45498	45659
45498	45396
45498	45486
45290	44461
45290	45486
45290	45071
45290	45659
45290	45494
44790	45659
45116	45659
44594	45659
44594	45626
44971	44461
44971	45486
44971	45659
44971	45164
44971	44483
44867	45659
44867	45396
44867	45486
45311	45659
45311	45364
45311	45626
45267	45659
45267	44999
45267	44461
45267	45486
45173	45659
45764	45659
45764	45486
45764	44483
45447	45659
45447	45164
45447	45486
45447	44483
45019	45659
44996	45659
44996	44531
45455	45659
45455	44461
45051	45659
45050	45659
45050	44461
44924	44746
44924	45659
44924	45626
45426	45659
45426	45567
44503	45659
44503	45396
44503	45486
45033	44461
45033	45648
45033	45396
45033	45486
45033	45659
45033	44572
45151	45659
45151	44476
45151	45626
44559	45659
44559	45626
44504	45071
44504	45659
44504	44461
44504	45486
45053	45659
45053	44716
45053	44461
45115	45659
45115	45486
45370	45659
45370	44716
45370	44461
45707	45659
45707	44461
45218	45659
45218	45486
45161	45659
45161	45304
45161	45626
45773	45659
45773	44999
45773	44461
45773	45493
45512	44461
45512	45396
45512	45486
45512	45659
45512	44572
45735	44999
45735	45659
45735	45358
45735	44461
45301	45659
45583	45659
45583	44762
44555	45659
44555	45486
44555	44706
44756	44461
44756	45486
44756	45071
44756	45659
44756	45494
44732	45659
44732	45486
45055	44510
45055	45486
45055	45659
45055	45164
45055	44645
45055	44483
44516	45659
44516	45396
44516	45486
45570	45659
45570	45567
45570	45626
45443	45659
45443	45567
45162	45387
45162	45264
45162	45528
45162	44482
45162	45659
45162	45626
44810	45659
44709	45659
44709	44441
44709	45226
44709	45626
45023	45659
45023	45396
45023	45486
44523	45659
44523	44441
44523	45567
44523	45626
44846	44721
44846	45327
44846	45413
44846	45659
44846	45626
44615	45659
44615	44461
45000	45659
45000	44461
44585	45659
44585	45567
44585	45626
45614	45659
45614	45396
45614	45486
44893	45659
44893	45567
44893	45626
45739	44461
45739	45648
45739	45396
45739	45486
45739	45659
44728	45659
44728	44531
45766	44482
45766	45659
45766	45626
45748	45659
45748	45528
45748	45626
45103	45659
45103	44999
45103	44461
45103	45486
44904	45659
44904	44461
44904	45396
44904	45486
45350	45659
45774	45659
45613	45659
45613	44461
44646	45659
44646	44531
44508	44461
44508	45407
44508	45486
44508	45396
44508	45659
44753	45659
44753	45626
45653	45659
45653	44716
45653	44461
45493	45659
45493	44999
45493	44461
45404	45659
45404	44459
45404	44663
45404	45626
44793	45659
44793	45156
45666	45659
45666	44441
45666	45567
45666	45626
45236	45659
44729	44572
44729	45659
44729	45396
44729	45486
45121	45659
45121	45396
45121	45486
45158	45659
45158	45156
45158	44812
45158	44793
44373	44461
44373	45486
44373	45071
44373	45659
44373	45494
44965	45659
44965	44461
44896	44999
44896	44461
44896	45486
44896	45659
44896	45358
45073	45659
45073	44753
45073	45626
44488	45659
44488	45567
44901	45659
44901	45486
44379	45659
44379	44889
44379	45486
44379	44483
44704	45659
44704	44629
44704	45567
44704	45626
45349	44461
45349	45648
45349	45396
45349	45486
45349	45659
44818	45659
44642	44461
44642	45648
44642	45396
44642	45486
44642	45659
44395	45659
45041	45659
45484	45659
45484	44461
44604	45659
44604	45396
44604	45486
45672	45659
45672	45396
45672	45486
44489	45659
44489	45567
44489	45626
44489	44721
45658	45659
45658	45396
45658	45486
45274	45659
45274	44461
44677	45659
44677	45486
45436	44461
45436	45648
45436	45396
45436	45486
45436	45659
45600	45659
45600	45626
45458	45659
45458	44953
44694	45659
44888	45659
44888	44461
44888	45396
44888	45486
44977	45659
44977	45396
44977	45486
45263	45659
45263	45486
44878	45659
44878	45396
44878	45486
44763	45659
45003	45659
45003	44461
45395	45659
45395	45486
45039	45659
45039	45626
44592	45659
44592	45396
44592	45486
45111	45659
45111	44999
45111	44461
45111	45486
45307	45659
45307	45396
45307	45486
44820	44826
44820	44953
44820	45659
44820	44917
44820	44396
45691	45659
45691	45301
45147	45659
45545	45659
45545	45396
45545	45486
44532	45659
44532	44461
45104	45659
45104	45486
45038	44482
45038	45659
45038	45626
45002	45175
45002	45659
45002	45626
44663	45659
44663	44459
44663	45626
44815	45659
44815	45486
45399	45659
44655	45659
44655	44461
45448	45659
45448	44461
45032	45659
45032	45486
45032	45567
44442	45659
44442	44441
44442	45567
44442	45626
45174	45659
45174	45396
45174	45486
45427	45659
45427	45567
45427	45626
45439	45659
45439	44461
45131	45659
44445	45071
44445	45659
44445	44461
44445	45486
45646	45659
45107	45659
45237	45659
45237	45528
45237	45626
45679	45659
45679	45626
44626	44999
44626	45659
44626	45358
44626	44461
44951	45659
44371	44461
44371	45486
44371	45071
44371	45659
44371	45494
44430	45659
44430	44461
45594	44908
45594	45659
45594	45486
45594	44706
44853	45659
44853	44461
45330	45659
45330	45626
44383	45659
44383	45486
44383	45567
45367	45659
45367	44531
45242	45659
45242	45567
45547	45659
45547	44441
45547	45626
45769	45659
45769	44461
45769	45613
44838	45659
44838	44461
44838	44814
44838	44402
44394	45659
44394	45301
45359	45659
45359	44461
45574	45659
45574	45626
45533	44999
45533	44461
45533	45493
45533	45486
45533	45659
45533	45358
45328	45659
45328	45567
45705	45659
45705	45156
45705	44812
45694	45659
45694	44461
45198	45659
45198	45396
45198	45486
44929	45659
44929	45528
44929	45626
45622	44908
45622	45659
45622	45486
45622	44706
44747	45659
44375	45659
44375	44531
44375	45626
44581	44746
44581	45659
44581	45626
44581	44451
44581	44814
44600	45659
44540	45659
44540	44461
44593	45659
44537	45659
44537	45626
45660	45659
45660	45396
45660	45486
45160	45659
45160	45396
45160	45486
45358	45659
45358	44999
45358	44461
44746	45659
44746	45626
44447	44720
44447	45659
44447	45567
44985	45659
44985	45528
44985	45626
45449	45659
45449	45396
45449	45486
44755	45659
44755	44953
44755	44526
44640	44999
44640	44461
44640	45493
44640	45659
44640	45358
45740	44445
45740	44461
45740	45486
45740	45071
45740	45659
45740	45764
45740	44483
44741	45659
44741	44461
44994	45659
44994	45486
45749	45659
45749	45486
45637	45659
45637	45396
45637	45486
45357	45659
45357	44953
45357	45458
45753	45659
45753	44461
44819	45659
44819	44461
44517	45659
44517	45396
44517	45486
45572	45659
45572	44461
45572	45486
45509	45659
45509	44716
45509	45648
45509	44461
45239	44461
45239	45486
45239	45071
45239	45659
45239	45494
45520	45659
45520	45528
45520	45626
44898	45659
44898	45486
44898	44706
45004	44817
45004	45486
45004	45659
45004	45429
45004	44483
45388	44461
45388	45648
45388	45396
45388	45486
45388	45659
45576	45659
45576	45626
45272	45659
45272	45567
45272	45292
45272	45626
44921	45659
44921	44461
44391	45659
44391	45396
44391	45486
44993	45659
44993	45396
44993	45486
45446	45659
45629	45659
44682	44461
44682	45648
44682	45396
44682	45486
44682	45659
44873	45659
44873	45626
45354	45659
44981	45659
44981	45626
45280	44482
45280	45659
45280	45626
45721	45659
45721	45626
45319	45659
45319	45567
45043	45659
45043	45626
44852	45659
44852	45486
44852	44483
44894	45659
44697	45071
44697	45659
44697	44461
44697	45486
44567	45659
44567	45486
44567	44706
44609	45659
44609	45396
44609	45486
44609	45634
45521	45659
45521	45567
45521	45626
45616	44721
45616	45327
45616	45413
45616	45659
45616	45626
45429	45659
45429	44817
45429	45486
45429	44483
45542	45659
45542	44461
45695	45659
45695	45567
45593	45659
45593	45396
45593	45486
44956	45659
45090	45659
45090	44441
45090	45626
45098	44999
45098	44461
45098	45493
45098	45486
45098	45659
45098	45358
45386	45659
45386	45396
45386	45486
44860	44461
44860	45648
44860	45396
44860	45486
44860	45659
44831	45659
44831	44441
44831	44753
44831	45626
45501	44461
45501	45486
45501	45071
45501	45659
45501	45494
45654	45659
45654	45396
45654	45486
45596	44461
45596	45486
45596	45071
45596	45659
45596	45494
44636	45659
44636	44461
45180	45659
45180	44917
45180	44953
45490	45659
45300	44461
45300	45648
45300	45396
45300	45486
45300	45659
45300	44572
44490	45659
44490	44461
45746	45659
45286	45659
45286	45567
45286	45626
44999	45659
44999	44461
44386	45659
45478	45659
45768	44461
45768	45648
45768	45396
45768	45486
45768	45659
45617	45659
45617	45396
45617	45486
44787	45659
44787	45396
44787	45486
45589	45659
45589	44461
45518	44999
45518	44461
45518	45493
45518	45659
45518	45358
44378	45528
44378	45187
44378	45044
44378	45659
44378	45626
45623	45659
45623	45626
44973	45659
44973	45626
45550	45659
45550	45486
45025	45659
45025	44999
45025	44461
45025	45486
45744	45659
45562	45659
45562	45486
44493	45659
44493	45396
44493	45486
45010	45659
45010	44461
45293	45659
45293	45626
44444	45659
45391	45659
45391	45528
45391	45626
45172	45659
45172	45626
44723	44999
44723	44461
44723	45486
44723	45659
44723	45764
44723	44483
44716	45659
44716	44461
45471	45659
45471	45486
45762	45659
45762	44716
45762	44461
44967	45659
44967	44461
44967	45486
45586	45659
45586	45626
45014	45659
45014	44461
44974	45659
44974	44461
44558	45486
44558	45659
44558	45447
44558	45164
44558	44483
44472	45659
44472	45364
44472	45567
44472	45626
44869	45659
45385	45659
45385	45486
45385	44510
45385	44645
44937	45659
45193	45659
45543	45659
45543	44461
45268	44572
45268	45659
45268	45396
45268	45486
45045	45659
45228	45659
45228	45396
45228	45486
44743	45659
44743	45156
44743	45389
44995	45659
44995	45486
44690	45659
44690	44953
45479	45659
45479	45567
45479	45292
45479	45626
45190	45659
45190	44361
45551	45659
44486	44720
44486	45659
44486	45567
45188	44461
45188	45486
45188	45659
45188	45447
45188	45164
45188	44483
44887	45659
44887	45396
44887	45486
44791	45567
44791	45659
44791	44576
44791	45626
44791	45574
45424	45659
45424	44889
45424	45486
45424	44483
45477	44999
45477	44716
45477	44461
45477	45486
45477	45071
45477	45659
45477	45494
45108	45659
45108	45626
45262	45659
45262	45396
45262	45486
45083	45659
45047	44817
45047	44461
45047	45486
45047	45659
45047	44483
44946	44721
44946	45567
44946	45659
44946	45626
44946	44629
45621	44572
45621	45659
45621	45396
45621	45486
45618	45187
45618	45044
45618	45659
45618	45626
44377	45659
44377	44461
45485	45659
45485	45396
45485	45486
44649	44908
44649	45659
44649	45486
44649	44706
44851	45659
44851	44461
44842	45659
44842	44441
44842	45567
44842	45626
44908	45659
44908	45486
44908	44706
44897	45659
44897	45567
45397	45659
44614	44943
44614	44706
44614	45486
44614	45659
44614	45738
44460	45659
44460	45155
44460	45301
45200	45659
45200	45486
45200	44483
45282	45659
45282	44461
45282	45396
45282	45486
45317	45659
45376	45659
45376	45567
45738	45659
45738	45486
45738	44706
45506	45659
45506	45567
45506	45626
45463	45659
45463	45396
45463	45486
44483	45659
44483	45486
45040	45659
45040	45486
45040	44706
45292	45659
45292	45626
44983	45659
44983	44387
44983	45626
45320	44721
45320	45413
45320	45659
45320	45626
45320	44568
45496	44865
45496	44461
45496	45486
45496	45071
45496	45659
45496	44436
45496	45291
45496	44483
44883	45659
44883	45486
44467	45659
44467	45626
44467	44721
44849	45659
44849	45626
44829	45659
44829	45156
44696	45659
44696	45486
44696	45764
44696	44483
45713	45659
45713	45156
45713	44812
45713	44829
44969	44461
44969	45486
44969	45071
44969	45659
44969	45494
44788	44461
44788	45648
44788	45396
44788	45486
44788	45659
45232	45659
45232	44461
45232	45486
44475	45175
44475	45659
44475	45626
44826	45659
44826	44917
44826	44953
44479	45659
44479	44461
44479	45486
44438	45659
44438	44461
44438	45396
44438	45486
44975	45659
44975	44480
44975	44721
44975	45626
45523	45187
45523	45659
45523	45626
45352	45659
45352	45567
45352	45626
45197	45659
45197	44616
45656	45175
45656	45659
45656	45626
44892	45659
44892	45567
45730	45659
45730	45396
45730	45486
44601	45659
44601	45396
44601	45486
45334	44461
45334	45396
45334	45486
45334	45659
45334	44572
44724	44461
44724	45648
44724	45396
44724	45486
44724	45659
45271	45659
45271	45626
44360	45659
44360	44461
45483	45659
45483	45486
44661	44461
44661	45486
44661	45659
44661	45164
44661	44483
44955	45659
45372	44999
45372	44461
45372	45493
45372	45486
45372	45659
45372	45358
45640	45659
45640	45486
44369	45659
44579	45659
44579	45396
44579	45486
44545	44402
44545	45583
44545	44461
44545	45486
44545	45071
44545	45659
44545	44771
44545	44814
44545	44762
45336	45659
44771	45071
44771	45659
44771	44461
44771	45486
45675	45659
45675	45486
45675	45764
45675	44483
44964	45659
44964	45691
44964	45301
44772	45659
44772	45396
44772	45486
45031	44720
45031	45659
45031	45567
44813	45071
44813	45659
44813	44461
44813	45486
44960	44461
44960	45648
44960	45396
44960	45486
44960	45659
44435	45659
44435	44716
44435	44461
45605	45659
45605	45486
45001	45659
45001	45486
44648	44999
44648	44716
44648	45493
44648	44461
44648	45486
44648	45071
44648	45659
44648	45358
44648	45494
45247	45659
45247	45626
44413	45659
44413	45567
44775	45659
44775	45156
44775	44812
45078	45659
45078	45626
45648	45659
45648	44461
44624	45659
44792	45659
44792	45486
44792	44510
44792	44645
45079	45659
44376	45659
44376	45364
44376	45626
45086	45659
45086	44461
44684	45659
45392	45659
45392	45087
45392	45301
45517	45659
45517	44616
44566	45659
44566	45626
45718	45659
45718	45626
44783	45659
44783	45396
44783	45486
44620	45659
44620	44461
45722	45659
45722	44461
45092	45659
45092	45644
45092	44461
44627	45659
44627	44817
44627	45486
44627	44483
45492	44720
45492	45659
45492	45567
45549	45659
45549	44441
45549	45626
45686	44461
45686	45486
45686	45071
45686	45659
45686	45335
45686	44562
45085	44461
45085	45648
45085	45396
45085	45486
45085	45659
44529	44461
44529	45407
44529	45486
44529	45396
44529	45659
45481	45659
45481	44483
45481	45486
45481	45200
45661	45659
45661	44461
45685	45659
44651	45659
44651	45396
44651	45486
44612	44720
44612	45659
44612	45567
44910	45659
44910	45486
45196	45659
45196	45528
45196	45626
44372	45659
44372	44461
44889	45659
44889	45486
44889	44483
45435	45659
45435	45626
45435	45699
45454	45725
45454	44461
45454	45486
45454	45071
45454	45659
45454	44813
45186	45659
45186	45396
45186	45486
44758	45659
44758	44999
44758	45358
44758	44461
44879	45659
44879	45396
44879	45486
45353	45659
45353	44663
45353	44459
45353	45626
45124	45659
45124	44616
44605	44461
44605	45486
44605	45071
44605	45659
44605	45494
45302	45659
45302	45567
45302	45626
45452	45659
45452	44461
45452	45486
45026	45659
45026	44999
45026	45358
45026	44461
44675	44999
44675	44461
44675	45493
44675	45486
44675	45659
44370	45659
44370	45486
45552	44908
45552	45659
45552	45486
45552	44706
45015	45659
45417	45659
45417	45396
45417	45486
45012	45659
45012	45626
44422	45659
44422	45396
44422	45486
45406	45659
45406	44531
45406	45626
44673	45659
45163	44721
45163	45327
45163	45567
45163	45413
45163	45659
45163	45626
45163	44629
45072	45659
45072	45567
45304	45659
45304	45626
45305	45659
45305	44999
45305	44461
45305	45486
45609	45659
45609	45364
45609	45567
45609	45626
45355	45659
45355	44461
45355	45396
45355	45486
45526	44572
45526	45659
45526	45396
45526	45486
45524	45659
45524	44387
45524	45626
45644	45659
45644	44461
44861	45659
44513	45659
44513	45486
45683	44999
45683	44461
45683	45493
45683	45486
45683	45659
45273	45659
45273	44917
45273	44953
44767	45659
44767	44999
44767	44461
44767	45493
45470	45659
45183	45659
45183	45396
45183	45486
45060	45659
45105	45659
45105	45626
45306	45659
44710	45659
44710	45396
44710	45486
44562	44461
44562	45486
44562	45071
44562	45659
44562	45335
44934	45659
44934	45626
45322	45659
45599	44461
45599	45486
45599	44457
45599	45071
45599	45659
44824	44461
44824	45648
44824	45396
44824	45486
44824	45659
44824	44572
45504	45659
45068	45659
45068	45486
45068	44510
45068	44645
45177	45659
45177	45691
45177	45301
45538	45659
45538	44461
44972	45659
44972	44917
44972	44953
44972	44695
45557	45659
45329	45659
45329	45396
45329	45486
45296	45659
45296	44663
45296	44459
45296	45626
44998	45659
44998	45626
44998	44721
44734	45659
44734	44889
44734	45486
44734	44483
45333	45659
45333	44531
45378	45071
45378	45659
45378	44461
45378	45486
45692	45659
45034	45659
45034	44461
45700	45387
45700	45264
45700	45567
45700	44482
45700	45659
45700	45626
44590	45659
44409	45659
44409	45626
44409	44721
44611	45659
44611	44999
44611	44461
44611	45486
45030	45659
45030	45364
45030	45567
45030	45626
44358	44461
44358	45648
44358	45396
44358	45486
44358	45659
45771	45659
44599	45659
45058	44999
45058	44461
45058	45493
45058	45486
45058	45659
44577	45175
44577	45659
44577	45626
45134	45659
45704	45659
45704	44999
45704	44461
45704	45493
44863	45659
44863	45396
44863	45486
45102	44482
45102	45659
45102	45567
45102	45626
44573	45659
44434	44482
44434	45659
44434	45567
44434	45626
44927	45659
44927	44461
44803	45659
44803	45567
45632	45659
45632	44441
45632	45567
45632	45626
44940	45659
44940	45396
44940	45486
45042	45659
45042	44461
44506	45659
44506	44461
44536	45659
44536	45626
44478	45659
44478	44461
44718	44461
44718	45648
44718	45396
44718	45486
44718	45659
45364	45659
45364	45626
44657	45659
44657	44917
44657	44953
45389	45659
45389	45156
44830	45187
44830	45044
44830	45659
44830	45626
44436	45659
44436	44461
45140	45659
45140	45396
45140	45486
44589	45659
44589	44999
44589	44461
44589	45486
44938	45659
44938	44461
44359	44461
44359	45648
44359	45396
44359	45486
44359	45659
45257	44461
45257	45648
45257	45396
45257	45486
45257	45659
44917	45659
44917	44953
44623	44697
44623	44461
44623	45486
44623	45071
44623	45659
45430	45659
45430	45486
45430	44706
45680	45659
45680	45396
45680	45486
44989	45659
44989	45250
44989	45486
44989	44483
45156	45659
44461	45659
44365	45659
44365	45396
44365	45486
44368	45659
44368	45626
45212	45659
45212	44461
45480	44908
45480	45659
45480	45486
45480	44706
44762	45659
45747	45659
45747	44999
45747	44461
45244	45659
45244	45486
45575	44746
45575	45659
45575	45626
45241	45659
45342	45659
44703	45659
44703	45567
44703	45626
45437	45659
45437	45396
45437	45486
45724	44720
45724	45659
45724	45567
44911	45659
44911	45486
44911	44706
45101	45659
45101	45396
45101	45486
44403	45659
44403	45292
44403	45626
44465	45659
44465	44461
44795	45659
44795	45567
44795	45626
44825	45659
44825	45396
44825	45486
44669	45659
44669	45156
44669	44812
45221	45659
45221	45396
45221	45486
45006	45659
45006	45626
45750	45659
45396	45659
45396	45486
44926	45659
44641	45659
44641	45486
45048	45659
45440	45175
45440	45659
45440	45626
44784	45659
44784	44917
44784	44953
44915	44482
44915	45659
44915	45567
44915	45626
45175	45659
45175	45626
45423	45659
45423	45396
45423	45486
45220	44999
45220	44461
45220	45493
45220	45486
45220	45659
44482	45659
44482	45626
44518	45659
44518	45301
45279	44482
45279	45659
45279	45567
45279	45626
45564	45659
45564	45486
45564	44706
44578	44720
44578	45659
44578	45567
44688	45659
44688	44461
44688	45486
45339	45659
45339	45626
45366	44999
45366	44461
45366	45493
45366	45486
45366	45659
45537	45659
45537	44461
45537	45396
45537	45486
44705	45659
44705	44999
44705	44461
44832	45659
44832	45528
44832	45626
45059	44720
45059	45659
45059	45567
44801	45659
44801	45626
45415	45659
45415	45301
45331	45659
45331	45087
45331	45155
45331	45301
44948	45659
44948	44461
44948	45396
44948	45486
45765	44461
45765	45648
45765	45396
45765	45486
45765	45659
44913	45659
44913	45567
44913	45626
45760	44461
45760	45648
45760	45396
45760	45486
45760	45659
44745	45567
44745	45659
44745	45226
44745	44476
44745	45626
45251	44720
45251	45659
45251	45567
45702	45659
45205	45071
45205	45659
45205	44461
45205	45486
44986	45659
45266	45659
45266	45396
45266	45486
44419	45659
45136	45659
45264	44482
45264	45659
45264	45387
45264	45626
44802	45659
44802	44461
45737	45659
45737	45567
45737	45626
45374	45659
44495	45659
44495	45626
44495	44721
44991	45659
44991	44917
44991	44953
45729	44999
45729	44461
45729	45493
45729	45486
45729	45659
44387	45659
44387	45626
45531	44999
45531	44461
45531	45493
45531	45486
45531	45659
45531	45358
45531	45447
45531	45164
45531	44483
44466	44999
44466	44865
44466	44461
44466	45486
44466	45071
44466	45659
44466	44436
44466	45291
44466	44483
44425	45659
44425	44461
44425	45396
44425	45486
45715	45659
45715	44461
44613	45659
44613	45567
44613	45626
44625	45659
44625	44461
45153	44720
45153	45659
45153	45567
45667	45659
45667	44461
44740	45659
44872	45659
44872	45396
44872	45486
45240	45659
45240	45486
45362	45659
45362	44461
45362	45396
45362	45486
45207	45659
45207	45567
45207	45486
45207	44706
44400	45659
44400	45626
44400	44721
44875	45659
44875	44461
44380	44999
44380	44461
44380	45493
44380	45486
44380	45659
45592	44461
45592	45486
45592	45071
45592	45659
45592	45494
44953	45659
45689	45659
45689	45626
45164	45659
45164	45486
45164	44483
44907	45659
44907	44953
44907	44526
44907	44755
44773	45659
44773	45626
44628	45659
44628	45396
44628	45486
45642	44720
45642	45659
45642	45567
45246	45659
45246	44461
45566	45659
45566	44461
45486	45659
45755	45659
45712	45659
45712	45567
45712	45626
45569	45659
44837	45659
44837	44441
44837	45567
44837	45626
44664	45659
44664	44461
45069	45659
45069	45486
45534	45659
45534	44716
45534	45613
45534	44461
44643	45659
44643	45626
44699	45659
44699	44716
44699	44461
44410	45659
44410	45396
44410	45486
44521	45659
44521	44461
44521	45486
45315	45659
45315	45567
45315	45626
44406	45659
44406	44461
45650	45659
45650	44999
45650	44461
45650	45486
44635	44572
44635	45659
44635	45396
44635	45486
45763	44461
45763	45486
45763	45071
45763	45659
45763	45494
45763	45644
45278	45659
45278	44461
45159	44482
45159	45659
45159	45626
44962	45659
44557	45659
44557	45396
44557	45486
44698	45659
44698	44361
44804	44461
44804	45648
44804	45396
44804	45486
44804	45659
45772	45659
45772	44953
45125	45659
45125	44917
45125	44953
45011	44461
45011	45648
45011	45396
45011	45486
45011	45659
45011	44572
44895	45659
44895	44753
44895	45626
44597	45659
44597	44816
44597	45626
44597	44387
44450	45659
44450	45626
44560	45659
44560	44461
45487	45659
45487	45626
44476	45659
44476	45626
44954	45659
44954	45396
44954	45486
44362	45659
45665	45659
45270	44461
45270	45486
45270	45071
45270	45659
45270	45633
45270	45205
44632	44572
44632	45659
44632	45396
44632	45486
45565	45659
45211	44461
45211	45407
45211	45396
45211	45486
45211	45659
45211	45634
44987	45659
44987	45626
44733	45659
44733	44716
44733	44461
45327	45413
45327	45659
45327	45626
45327	44721
44806	45659
44806	44461
44618	45659
44618	45486
44645	45659
44645	44510
44645	45486
45310	45659
45310	44461
45249	45659
45249	44461
45491	45659
45491	44461
45491	45396
45491	45486
45416	45659
45416	44999
45416	44461
45416	45493
45539	45659
45539	45486
45709	45659
45709	44461
45709	45769
45709	45613
45497	45659
45250	45659
45250	45486
45250	44483
44544	45659
44544	44461
44990	45659
44847	44999
44847	44461
44847	45493
44847	45486
44847	45659
45312	44461
45312	45648
45312	45396
45312	45486
45312	45659
45312	44572
44633	45659
44633	44999
44633	44461
44633	45493
44841	45659
44841	45567
44841	45626
45157	45659
45157	45396
45157	45486
45022	45659
45022	44461
45022	45396
45022	45486
45066	45659
45066	45626
44667	44461
44667	45486
44667	45071
44667	45659
44667	44813
45097	45659
45097	45626
45688	44461
45688	45486
45688	45071
45688	45659
45688	45494
45687	44720
45687	45659
45687	45567
45413	45659
45413	45626
45413	44721
45110	45659
45110	45486
45110	44706
45500	45659
45500	45626
44726	45659
44556	45659
44556	45567
44556	45626
44602	45659
45057	45659
45057	45396
45057	45486
45438	44999
45438	44716
45438	45493
45438	44461
45438	45486
45438	45071
45438	45659
45438	45358
45438	45494
44458	44999
44458	45659
44458	45358
44458	44461
45253	45659
45253	45396
45253	45486
45128	45659
45128	44461
45499	45659
45499	45567
45499	45626
44871	44482
44871	45659
44871	45626
45603	44461
45603	45486
45603	45659
45603	45164
45603	44483
44584	45659
44584	45304
44584	45626
45743	45659
44647	45659
44647	45486
45511	45659
45511	45486
45511	44706
44414	44999
44414	45659
44414	45358
44414	44461
44531	45659
44997	45175
44997	45659
44997	45626
44754	45659
44754	45396
44754	45486
45132	44817
45132	45486
45132	45659
45132	45429
45132	44483
44766	45659
44766	45772
44766	44953
44766	45669
45071	45659
45071	44461
45071	45486
44859	45659
44859	44461
44399	45659
44399	44461
44399	45396
44399	45486
45677	45659
45677	44476
45677	45626
44541	45659
44541	45486
44939	44720
44939	45659
44939	45567
45681	45659
44514	45659
44514	45486
45308	44817
45308	44461
45308	45486
45308	45659
45308	44483
45403	45659
44511	45659
44511	45396
44511	45486
45676	45659
45676	45396
45676	45486
44459	45659
44459	45626
45332	45659
45332	45567
45184	45659
45184	44461
45431	45659
45431	45626
45431	44721
44744	45659
44744	44461
45563	45659
45445	45659
45445	45396
45445	45486
44982	44817
44982	44461
44982	45486
44982	45659
44982	44483
45094	45659
45094	44999
45094	44461
45094	45486
44760	45659
44947	45659
44925	44721
44925	45567
44925	45413
44925	45659
44925	45626
45394	45659
45394	45396
45394	45486
45433	44721
45433	44400
45433	45659
45433	45626
45433	45574
44827	45659
45725	44461
45725	45486
45725	45071
45725	45659
45725	44813
44547	45175
44547	45659
44547	45626
44366	45659
44366	44716
44366	45613
44366	44461
45245	45659
45245	45574
45245	45567
45245	45626
44721	45659
44721	45626
44719	45659
44719	45396
44719	45486
45210	45659
45210	45486
45185	45659
45185	45486
44870	45659
45663	45659
45663	45644
45663	44461
44930	45175
44930	45659
44930	45626
45767	45659
45767	44461
44580	45659
44580	45396
44580	45486
44928	45659
44928	45396
44928	45486
44474	45659
44621	45659
44621	45292
44621	45626
45035	45659
45035	45396
45035	45486
44950	44461
44950	45407
44950	45486
44950	45396
44950	45659
45698	44461
45698	45396
45698	45486
45698	45659
45698	45644
44397	45659
44912	45659
44912	45396
44912	45486
44890	45413
44890	45659
44890	45626
44890	44721
45046	45659
45046	45396
45046	45486
45432	45659
45432	45486
44780	44999
44780	44461
44780	45493
44780	45486
44780	45659
45238	45659
45238	45396
45238	45486
44654	45659
44654	45626
45191	45659
45191	44531
45191	45567
45219	45659
45219	45486
45219	44483
45007	45659
45007	44461
44463	45659
44463	45567
45474	45659
45474	45396
45474	45486
45474	45634
45346	44461
45346	45648
45346	45396
45346	45486
45346	45659
44884	45659
44884	44753
44884	45626
45548	45659
45548	44953
45375	45659
45375	45396
45375	45486
45149	45659
45149	44461
45166	44720
45166	45659
45166	45567
44423	45659
44423	44461
45152	45659
45152	45626
44549	45659
44549	45486
45114	45659
45114	45626
45114	44721
44777	45659
44777	44999
44777	45358
44777	44461
45560	44461
45560	45407
45560	45486
45560	45396
45560	45659
45275	45659
44979	45659
44979	44531
44979	45567
45087	45659
45087	45301
44715	45659
44715	45567
44715	45626
45120	45659
45595	44461
45595	45486
45595	45071
45595	45659
45595	45494
45754	45659
45421	44572
45421	45659
45421	45396
45421	45486
45466	45659
45466	45574
45466	45626
44702	45659
44702	45486
44702	44483
44805	45659
44805	44999
44805	44461
44805	45493
44730	45659
44730	44461
44565	44999
44565	44716
44565	45493
44565	44461
44565	45486
44565	45071
44565	45659
44565	45358
44565	45494
45323	45659
44542	45659
44484	45659
44484	45626
45634	45659
45634	45396
45634	45486
44920	45659
44920	45567
44404	45659
44799	45659
45126	45659
45126	45396
45126	45486
45123	44455
45123	45042
45123	45659
45123	44461
45418	45659
45418	45567
45418	45626
44668	45175
44668	45659
44668	45626
44781	44999
44781	44716
44781	44461
44781	45486
44781	45071
44781	45659
44781	45494
45202	45659
45202	45486
44952	45659
44952	44461
44742	45659
44742	45567
44742	45626
45181	45659
45181	45567
45181	45626
45181	44721
44607	45659
44607	45396
44607	45486
45601	45659
45601	44716
45601	44461
45321	44461
45321	45396
45321	45486
45321	45071
45321	45659
45321	45494
45321	45644
45604	45659
45604	44531
44963	45659
45230	44826
45230	44953
45230	45659
45230	44917
45230	44401
45714	45659
45714	44461
44923	45659
44512	44721
44512	45567
44512	45413
44512	45659
44512	45626
44421	45659
44421	44461
44421	45396
44421	45486
44932	45659
44932	45626
44932	44721
44637	44572
44637	45659
44637	45396
44637	45486
45519	45659
45519	45567
44451	45659
44451	44814
45467	45659
45028	45659
45028	45567
45028	45626
44665	45659
44665	45626
44505	45659
44505	45396
44505	45486
44961	45659
44961	45486
45145	45548
45145	45659
45145	44953
45615	44999
45615	44461
45615	45493
45615	45486
45615	45659
45615	45358
45530	45659
45530	44999
45530	44461
45530	45486
45209	45659
45209	45567
45209	45626
44456	44461
44456	45648
44456	45396
44456	45486
44456	45659
44497	45659
44497	45396
44497	45486
44390	45659
45137	45659
45137	45396
45137	45486
45515	45659
45515	44716
45515	44461
45664	45659
45135	45659
45135	44531
45179	45659
45179	45626
44449	45659
44449	44716
44449	44461
45402	45659
45757	45659
45757	45626
44534	45071
44534	45659
44534	44461
44534	45486
45017	45659
45017	45396
45017	45486
44958	45659
44958	44999
44958	44461
44958	45486
45472	45659
45472	45387
45472	45626
44586	44999
44586	44461
44586	45493
44586	45486
44586	45659
45619	45659
45619	44814
45619	44451
44811	45659
44811	45626
45734	45659
45734	44459
45734	44663
45734	45626
44903	44461
44903	45648
44903	45396
44903	45486
44903	45659
44903	44572
45641	45659
45641	45396
45641	45486
45380	45659
45513	44482
45513	45659
45513	45626
45541	45659
45541	45626
45541	44721
44794	44746
44794	45659
44794	45626
45697	45659
45130	45659
45130	45626
44761	44461
44761	45648
44761	45396
44761	45486
44761	45659
44761	44572
45461	45659
45461	45626
45671	45659
45671	45364
45671	45626
45441	45659
45441	44459
45441	45626
45441	44663
45441	45574
44533	45659
44533	45156
44533	44829
44533	44793
44945	45659
44945	44480
44945	44721
44945	45626
44551	45659
44551	45486
45476	45659
45476	44716
45476	44461
44583	44572
44583	45659
44583	45396
44583	45486
44785	45659
44785	45486
44785	44510
44785	44645
44687	45659
44687	45626
45608	45659
45608	45567
45693	45659
45693	44461
44821	45659
45635	45659
45635	44441
45635	45626
45464	45659
45464	45396
45464	45486
44393	45659
44393	45396
44393	45486
44914	44817
44914	44461
44914	45486
44914	45659
44914	44483
45259	45659
45259	45486
45393	45659
45393	44461
44426	45659
44839	45659
44839	44461
44839	45396
44839	45486
45631	45659
45256	45659
45256	45396
45256	45486
44814	45659
45410	45659
45410	45396
45410	45486
45052	45659
45052	45567
45052	45626
45054	44999
45054	44716
45054	45493
45054	44461
45054	45486
45054	45071
45054	45659
45054	45358
45054	45494
45382	45659
45291	45071
45291	45659
45291	44461
45291	45486
44519	44999
44519	44461
44519	45493
44519	45486
44519	45659
45235	45659
45235	44917
45235	44953
44900	45659
44881	44461
44881	45486
44881	44457
44881	45071
44881	45659
45582	44908
45582	45659
45582	45486
45582	44706
44527	45659
44527	45486
44527	45764
44527	44483
44361	45659
44381	45659
44381	44441
44381	45567
44381	45626
44588	45659
44588	45396
44588	45486
44491	44720
44491	45659
44491	45567
44453	45659
44984	45659
44984	45626
45723	45659
45723	45567
45723	45626
45356	45659
44660	45659
44660	45486
45013	44510
45013	45486
45013	45659
45013	45447
45013	45164
45013	44645
45013	44483
45602	45659
45602	45626
44942	45659
44942	45486
45620	45659
45620	45396
45620	45486
45377	45659
45377	44461
44496	44999
44496	44461
44496	45486
44496	45659
44496	45358
44899	45659
44899	45301
45770	45659
45390	45659
45390	45226
45390	45626
45325	44461
45325	45407
45325	45486
45325	45396
45325	45659
45106	45659
45106	44817
45106	45486
45106	44483
44528	45175
44528	45659
44528	45626
44691	45659
44691	44716
44691	45648
44691	44461
44433	45659
44433	45691
44433	45301
44437	45659
44437	45626
45148	45659
45148	45567
45369	45659
45369	45486
45752	45659
45752	45567
45752	45626
44407	44461
44407	45648
44407	45396
44407	45486
44407	45659
45636	45659
45636	44361
44779	45387
44779	45264
44779	44482
44779	45659
44779	45626
45139	45659
45139	45567
45139	45626
45203	45659
45203	45364
45203	45626
45095	45659
45095	45626
45095	44721
45318	45659
45318	44917
45318	44953
44538	45659
44976	44461
44976	45648
44976	45396
44976	45486
44976	45659
45585	45659
45585	44716
45585	45613
45585	44461
45554	44721
45554	45327
45554	45567
45554	45413
45554	45659
45554	45626
45554	44629
45444	45659
44424	44482
44424	45659
44424	45626
45324	44999
45324	44461
45324	45486
45324	45659
45324	45358
45294	45659
45294	45626
44868	45659
44868	45226
44868	45626
45155	45659
45155	45301
44720	45659
44720	45567
44671	45659
44671	45626
44671	44721
45146	45659
45146	44461
44364	45659
44364	45567
44364	45626
45503	45659
45503	44716
45503	44461
44554	45659
44957	45659
45344	45659
45344	44361
45261	44999
45261	44461
45261	45486
45261	45659
45261	45358
44944	45567
44944	45659
44944	45226
44944	44476
44944	45626
45612	45659
45612	45528
45612	45626
44576	45659
44576	45626
44455	45042
44455	45659
44455	44461
44388	44461
44388	45486
44388	45071
44388	45659
44388	45494
44778	45659
44778	44953
44778	44526
45556	45659
45556	44999
45556	44461
45206	44720
45206	45659
45206	45567
44686	45659
44686	45626
45383	45659
45383	45364
45383	45567
45383	45626
45532	44461
45532	45486
45532	45071
45532	45659
45532	45494
45199	45659
45199	45567
45199	45226
45199	45626
44441	45659
44441	45626
45170	45659
45170	45567
44448	45659
44448	45486
44448	44706
44966	44999
44966	45659
44966	45358
44966	44461
45475	44999
45475	44461
45475	45486
45475	45567
45475	45659
44680	45659
44680	44461
45080	45659
44735	44534
44735	44461
44735	45486
44735	45071
44735	45659
45074	45659
45074	45567
45074	45626
44653	45659
44653	44461
45208	45659
45189	45659
45189	44999
45189	44461
45189	45486
44700	45659
44700	45387
44700	45626
44891	45659
44891	44461
44374	45659
44739	45659
44739	45626
45338	45156
45338	44812
45338	45567
45338	45659
45338	44793
45347	45659
45347	45486
45628	44720
45628	45659
45628	45567
45005	45659
45005	45396
45005	45486
44670	44482
44670	45659
44670	45567
44670	45626
45626	45659
45176	45659
45176	45396
45176	45486
45384	45659
45384	44999
45384	44461
45384	45493
45213	44999
45213	44461
45213	45493
45213	45486
45213	45659
45213	45358
44553	44999
44553	44716
44553	45493
44553	44461
44553	45486
44553	45071
44553	45659
44553	45358
44553	45494
45527	45659
45527	45396
45527	45486
44525	44908
44525	45659
44525	45486
44525	44706
45109	45659
45109	45626
44905	44455
44905	45042
44905	45659
44905	44461
44935	45659
44935	45486
44935	44483
45285	45659
45285	44461
45285	45396
45285	45486
45473	45659
45192	45175
45192	45659
45192	45626
45381	45659
45381	44999
45381	44461
45381	45486
45588	45659
45588	45626
45281	45659
45281	44441
45281	45626
44701	45659
45525	44826
45525	44953
45525	45659
45525	44917
45525	44401
45758	45659
45758	44441
45758	45626
45204	45659
45204	45691
45204	45301
44678	45659
44678	44441
44678	45626
45579	45659
44676	45659
44676	44531
44676	45567
45578	45659
45578	44753
45578	45626
45581	45659
45581	45486
45674	45659
45674	45396
45674	45486
44569	45659
44569	45567
45368	45659
45368	44716
45368	44461
45064	45659
45276	44461
45276	45648
45276	45396
45276	45486
45276	45659
45182	45659
45182	45364
45182	45567
45182	45626
44840	45659
44840	45087
44840	45301
44909	45659
45361	45659
45361	45486
44666	45659
44666	45396
44666	45486
45651	45567
45651	45659
45651	44576
45651	45626
45651	44629
45651	45574
44738	44510
44738	45486
44738	45659
44738	44645
44738	45764
44738	44483
45335	45071
45335	45659
45335	44461
45335	45486
45453	45659
44916	44817
44916	44461
44916	45396
44916	45486
44916	45659
44916	44483
44800	45659
44659	45659
44574	45659
44574	44716
44574	44461
45759	45659
45277	45659
45277	45567
45277	45626
45303	45659
45303	44461
44713	45659
44713	45626
45522	45659
45522	45567
45522	45626
45129	45659
45129	45486
44866	45659
44866	45396
44866	45486
45343	45659
45625	45567
45625	45659
45625	44576
45625	45626
45625	45574
45018	45659
45018	45486
45018	44706
45044	45187
45044	45659
45044	45626
45288	45659
45288	45301
45143	45659
45143	44716
45143	44461
45514	44461
45514	45486
45514	45071
45514	45659
45514	45335
45514	44562
45606	45659
45606	45396
45606	45486
44598	45659
44598	44461
45425	45659
45027	45659
45027	45567
45036	45659
45036	45626
44481	45659
44481	44953
44481	44526
45610	45659
45610	44461
45610	45396
45610	45486
44405	45567
44405	45659
44405	44576
44405	45626
44405	45574
45732	45659
45732	44629
45732	45567
45732	45626
45657	45175
45657	45659
45657	45626
44471	45659
44471	44461
44943	45659
44943	45486
44943	44706
45460	45659
45460	45396
45460	45486
44874	45659
44874	44716
44874	44461
45412	45659
45412	44441
45412	45626
45508	45486
45508	45659
45508	45447
45508	45164
45508	44483
45142	45659
45142	44716
45142	44461
44494	45659
44494	45396
44494	45486
44446	45659
44446	44461
44844	45659
44844	45396
44844	45486
44848	45659
44848	45626
45558	45659
45558	44753
45558	45626
44750	45659
44750	44461
44737	45659
44737	45567
45699	45659
45699	45626
44454	45659
44454	45567
44454	45626
44652	45175
44652	45659
44652	45626
44679	45071
44679	45659
44679	44461
44679	45486
44833	45659
44833	45486
45284	45659
45284	45396
45284	45486
44591	45659
44591	44461
44561	45659
44561	44999
44561	44461
44561	45486
45711	45659
45711	45626
45234	45659
45234	45567
45535	45659
45535	45574
45535	45626
45568	45659
45568	44917
45568	44953
45112	44999
45112	44461
45112	45486
45112	45659
45112	45358
44530	45659
44530	45396
44530	45486
45420	44461
45420	45486
45420	45659
45420	44483
45420	45200
45252	44461
45252	45407
45252	45486
45252	45396
45252	45659
45289	45659
45289	45486
45289	45764
45289	44483
44427	45659
44427	45364
44427	45626
44797	45659
44797	44461
44797	45486
45283	45659
45283	44461
45283	45648
45428	45659
45428	45396
45428	45486
44751	44999
44751	45659
44751	45358
44751	44461
45316	45175
45316	45659
45316	45626
44786	44482
44786	45659
44786	45567
44786	45626
44796	45659
44988	45659
44988	45567
44507	45659
44507	45396
44507	45486
45309	45659
45309	45567
44714	45659
44714	44917
44714	44953
45216	45659
45216	44461
44596	45659
44596	45396
44596	45486
45407	45659
45407	45396
45407	45486
45360	45659
44885	45659
45684	44981
45684	45659
45684	45626
45122	44461
45122	45648
45122	45396
45122	45486
45122	45659
45122	44572
45214	45659
44712	45659
44712	45396
44712	45486
45561	44720
45561	45659
45561	45567
45624	45659
45624	45567
44693	44461
44693	45486
44693	45071
44693	45659
44693	45494
44524	44999
44524	45659
44524	45358
44524	44461
44748	45659
44919	45659
44919	45626
44807	45659
44807	45301
44619	45659
44886	44461
44886	45648
44886	45396
44886	45486
44886	45659
44886	44572
44980	44461
44980	45648
44980	45396
44980	45486
44980	45659
45258	45659
45258	45567
45258	45626
45655	45659
45655	45567
45494	45071
45494	45659
45494	44461
45494	45486
45178	44999
45178	44461
45178	45493
45178	45486
45178	45659
45598	45659
45598	44461
44845	44720
44845	45659
44845	45567
44485	45659
44485	45486
44485	44706
45516	44461
45516	45486
45516	45071
45516	45659
45516	45494
44582	45659
44582	45396
44582	45486
44918	45659
44918	45574
44918	45567
44918	45626
44695	45659
44695	44917
44695	44953
45227	45659
45227	45626
44707	45659
44707	45486
45652	45659
45652	45396
45652	45486
44828	45659
45673	44482
45673	45659
45673	45626
