44906	45364
44411	44721
44411	45364
45138	45626
44415	45528
45062	44908
44970	45626
45061	44706
45442	44461
45442	45486
44439	45364
44439	45567
45751	45691
45573	45583
44877	45626
45379	44461
44418	45567
45775	45486
44776	45626
44776	45567
45587	45396
45387	45626
44782	44720
45269	45626
45706	45648
45706	44572
45505	45648
45505	45396
45668	45396
45091	44441
45091	45413
45091	44753
44959	44706
44882	45659
45627	45659
44622	44483
45647	45634
45422	45567
45611	45659
44639	45567
44639	44576
44639	45574
45529	45626
44473	44999
44473	45486
44610	45659
44858	45626
44858	45567
44543	44461
44644	44461
45065	45626
45584	44461
44522	44812
44522	45567
44809	45493
44749	45396
45469	45493
45469	45486
45469	45358
44731	44461
45398	45626
44725	44461
44392	44461
44392	45407
45716	44450
45049	45626
44429	44461
44385	44455
44629	45626
45719	44695
44789	44461
44789	45396
45400	45659
44711	44461
45409	45042
44575	45659
45670	44461
45670	45486
45597	45486
44587	45457
45649	44706
44708	44720
44552	45486
45326	44461
44617	45486
45348	45396
45731	44716
45314	45648
45314	45396
45082	45659
44685	44461
44396	44826
44798	45626
44428	45659
45488	44482
45580	45396
45195	45494
45165	44482
45165	45567
45096	44716
45405	45087
44468	45486
45088	44720
45708	45396
44692	44908
44520	45396
45150	44746
45150	45567
45502	45626
45081	45219
45081	44935
45591	44400
45591	45574
44631	45659
44487	44461
45414	45396
45414	45644
44727	44721
44727	45528
44727	45574
44443	45626
45093	45659
44432	45358
44823	45659
45337	44461
45717	45626
45021	45659
45169	44999
45169	45764
44864	44461
45254	44461
45167	44400
44501	45567
44501	44576
44501	44629
44564	44461
44564	45486
45020	44461
45450	45659
45222	45528
44608	45493
45696	45659
44936	44441
44398	44568
44398	44753
45571	44616
45720	45567
45070	45659
44568	45413
44452	45396
44808	45626
44384	45364
44662	45626
44822	44461
44822	45164
45741	45659
44880	45574
44736	44461
44736	45486
44630	45626
44630	45567
44492	45494
45434	45396
45462	44361
44752	44816
44548	45626
45465	44361
45100	44461
45100	45407
44417	45659
44389	45659
44408	45764
45577	45659
45226	45626
44515	45486
44857	45396
45029	44461
44572	45396
45187	45626
44768	45648
44768	45396
44546	44716
44546	45493
44546	45358
44546	45494
44757	44461
45507	45659
45313	45659
44774	45486
45168	45396
45727	44720
45408	44461
44363	45626
44363	45567
44550	44616
45489	44461
45489	45396
44420	45528
44500	45659
45037	44461
45037	45486
44401	44826
44502	44441
44502	45567
45745	44461
45248	44483
44509	45648
44509	44572
45295	45659
45555	44526
44498	44461
45298	44436
44469	44461
44469	45396
45726	45301
44570	44401
45742	45648
45742	45396
44817	44483
45607	44461
44933	44441
44402	44814
45127	45659
45201	44361
45299	45659
45008	45486
45133	45301
45144	44461
45224	45396
45373	45626
44616	45659
45089	44461
45084	44999
45084	45486
44539	45396
45223	44461
45099	45486
44416	44461
44816	44387
44854	44461
44464	45396
44470	45659
44769	44461
44480	44721
45009	45659
45456	45458
45559	44852
45113	45626
45113	45567
45638	44721
45638	45567
45638	44576
45638	45574
44672	45659
44595	45458
44835	45659
44431	44482
44367	45634
45457	45071
45643	45613
45643	44716
45567	45659
44765	45396
44865	44436
44865	45291
44865	44483
45345	44441
44412	45493
45171	45659
45365	45396
44634	45659
45351	44716
45546	45396
45154	45648
45154	45396
45544	45659
45645	44721
45645	44441
45645	45292
45553	44721
45733	45659
44683	45648
44683	44572
44457	45071
44440	45659
44656	44917
45401	45358
45495	44461
44510	45486
44571	45040
44689	44812
45363	45648
45363	45396
45056	45626
44941	44953
44941	45590
44941	44462
45710	45626
45710	45567
44764	44572
45229	44461
44876	44461
44876	45486
45756	44716
45756	45493
45756	45358
45756	45447
45756	45494
44836	45659
44922	44461
44606	45659
44477	45626
45225	45626
45265	45396
44968	44645
45024	44480
45255	45493
45255	45486
45701	45396
45536	45175
45067	44402
45067	45583
45067	44771
45076	44721
45076	45567
45076	44576
45076	45574
45690	45626
45690	45567
45341	45493
45341	45486
45341	45358
45736	45659
45260	45486
44855	45659
45761	44706
44717	45659
44862	45486
45678	44702
44992	44812
44992	45567
44992	45772
45075	44461
44603	45396
44658	45648
44658	45396
44978	45364
45217	45659
44706	45486
45662	45659
45633	45205
45669	45772
44834	44716
45703	44572
45297	45396
45371	45396
45215	44461
45231	45659
44650	44461
44650	45200
44674	45659
44638	44572
45141	45626
45141	45567
44535	44531
45119	45648
45119	45396
44681	44917
44499	45493
45077	45175
45682	44813
44812	45156
45528	45626
45233	44461
45510	44720
44759	45626
45063	45659
44856	44531
44856	45567
44850	45175
45540	45486
45287	45626
44382	45626
44563	45486
45411	45486
44843	45304
45419	45486
45419	45567
45016	45626
45016	45567
44902	44461
44526	44953
44931	44461
45117	45626
45117	45567
45639	45659
45118	45486
45630	45626
45243	44461
45243	45486
45243	45567
44722	45659
45468	45327
45728	45659
45340	45659
45459	44482
45459	45567
45482	45494
45194	45396
44949	45659
44770	44480
45498	45396
45290	45494
44790	45659
45116	45659
44594	45626
44971	44461
44971	45164
44867	45396
45311	45364
45267	44999
45267	45486
45173	45659
45764	44483
45447	45164
45019	45659
44996	44531
45455	44461
45051	45659
45050	44461
44924	44746
45426	45567
44503	45396
45033	45648
45033	44572
45151	44476
44559	45626
44504	45071
45053	44716
45115	45486
45370	44716
45707	44461
45218	45486
45161	45304
45773	45493
45512	44461
45512	44572
45735	45358
45301	45659
45583	44762
44555	44706
44756	45494
44732	45486
45055	45164
45055	44645
44516	45396
45570	45626
45570	45567
45443	45567
45162	45264
45162	45528
44810	45659
44709	45226
44709	44441
45023	45396
44523	44441
44523	45567
44846	45327
44615	44461
45000	44461
44585	45626
44585	45567
45614	45396
44893	45626
44893	45567
45739	45648
45739	45396
44728	44531
45766	44482
45748	45528
45103	44999
45103	45486
44904	44461
44904	45396
45350	45659
45774	45659
45613	44461
44646	44531
44508	44461
44508	45407
44753	45626
45653	44716
45493	44999
45404	44663
44793	45156
45666	44441
45666	45567
45236	45659
44729	44572
45121	45396
45158	44793
45158	44812
44373	45494
44965	44461
44896	45486
44896	45358
45073	44753
44488	45567
44901	45486
44379	44889
44704	44629
44704	45567
45349	45648
45349	45396
44818	45659
44642	45648
44642	45396
44395	45659
45041	45659
45484	44461
44604	45396
45672	45396
44489	44721
44489	45567
45658	45396
45274	44461
44677	45486
45436	45648
45436	45396
45600	45626
45458	44953
44694	45659
44888	44461
44888	45396
44977	45396
45263	45486
44878	45396
44763	45659
45003	44461
45395	45486
45039	45626
44592	45396
45111	44999
45111	45486
45307	45396
44820	44396
45691	45301
45147	45659
45545	45396
44532	44461
45104	45486
45038	44482
45002	45175
44663	44459
44815	45486
45399	45659
44655	44461
45448	44461
45032	45486
45032	45567
44442	44441
44442	45567
45174	45396
45427	45626
45427	45567
45439	44461
45131	45659
44445	45071
45646	45659
45107	45659
45237	45528
45679	45626
44626	45358
44951	45659
44371	45494
44430	44461
45594	44908
44853	44461
45330	45626
44383	45486
44383	45567
45367	44531
45242	45567
45547	44441
45769	45613
44838	44402
44838	44461
44394	45301
45359	44461
45574	45626
45533	45493
45533	45486
45533	45358
45328	45567
45705	44812
45694	44461
45198	45396
44929	45528
45622	44908
44747	45659
44375	44531
44375	45626
44581	44746
44581	44451
44600	45659
44540	44461
44593	45659
44537	45626
45660	45396
45160	45396
45358	44999
44746	45626
44447	44720
44985	45528
45449	45396
44755	44526
44640	45493
44640	45358
45740	45764
45740	44445
44741	44461
44994	45486
45749	45486
45637	45396
45357	45458
45753	44461
44819	44461
44517	45396
45572	44461
45572	45486
45509	44716
45509	45648
45239	45494
45520	45528
44898	44706
45004	45429
45388	45648
45388	45396
45576	45626
45272	45292
45272	45567
44921	44461
44391	45396
44993	45396
45446	45659
45629	45659
44682	45648
44682	45396
44873	45626
45354	45659
44981	45626
45280	44482
45721	45626
45319	45567
45043	45626
44852	44483
44894	45659
44697	45071
44567	44706
44609	45634
45521	45626
45521	45567
45616	45327
45429	44817
45542	44461
45695	45567
45593	45396
44956	45659
45090	44441
45098	45493
45098	45486
45098	45358
45386	45396
44860	45648
44860	45396
44831	44441
44831	44753
45501	45494
45654	45396
45596	45494
44636	44461
45180	44917
45490	45659
45300	45648
45300	44572
44490	44461
45746	45659
45286	45626
45286	45567
44999	44461
44386	45659
45478	45659
45768	45648
45768	45396
45617	45396
44787	45396
45589	44461
45518	45493
45518	45358
44378	45528
44378	45044
45623	45626
44973	45626
45550	45486
45025	44999
45025	45486
45744	45659
45562	45486
44493	45396
45010	44461
45293	45626
44444	45659
45391	45528
45172	45626
44723	44999
44723	45764
44716	44461
45471	45486
45762	44716
44967	44461
44967	45486
45586	45626
45014	44461
44974	44461
44558	45447
44472	45364
44472	45567
44869	45659
45385	44645
44937	45659
45193	45659
45543	44461
45268	44572
45045	45659
45228	45396
44743	45389
44995	45486
44690	44953
45479	45292
45479	45567
45190	44361
45551	45659
44486	44720
45188	44461
45188	45447
44887	45396
44791	45567
44791	44576
44791	45574
45424	44889
45477	44999
45477	44716
45477	45494
45108	45626
45262	45396
45083	45659
45047	44817
45047	44461
44946	44721
44946	45567
44946	44629
45621	44572
45618	45044
44377	44461
45485	45396
44649	44908
44851	44461
44842	44441
44842	45567
44908	44706
44897	45567
45397	45659
44614	44943
44614	45738
44460	45155
45200	44483
45282	44461
45282	45396
45317	45659
45376	45567
45738	44706
45506	45626
45506	45567
45463	45396
44483	45486
45040	44706
45292	45626
44983	44387
45320	44568
45496	44865
44883	45486
44467	44721
44849	45626
44829	45156
44696	45764
45713	44829
45713	44812
44969	45494
44788	45648
44788	45396
45232	44461
45232	45486
44475	45175
44826	44917
44479	44461
44479	45486
44438	44461
44438	45396
44975	44480
45523	45187
45352	45626
45352	45567
45197	44616
45656	45175
44892	45567
45730	45396
44601	45396
45334	44461
45334	44572
44724	45648
44724	45396
45271	45626
44360	44461
45483	45486
44661	44461
44661	45164
44955	45659
45372	45493
45372	45486
45372	45358
45640	45486
44369	45659
44579	45396
44545	44402
44545	45583
44545	44771
45336	45659
44771	45071
45675	45764
44964	45691
44772	45396
45031	44720
44813	45071
44960	45648
44960	45396
44435	44716
45605	45486
45001	45486
44648	44716
44648	45493
44648	45358
44648	45494
45247	45626
44413	45567
44775	44812
45078	45626
45648	44461
44624	45659
44792	44645
45079	45659
44376	45364
45086	44461
44684	45659
45392	45087
45517	44616
44566	45626
45718	45626
44783	45396
44620	44461
45722	44461
45092	45644
44627	44817
45492	44720
45549	44441
45686	44562
45085	45648
45085	45396
44529	44461
44529	45407
45481	45200
45661	44461
45685	45659
44651	45396
44612	44720
44910	45486
45196	45528
44372	44461
44889	44483
45435	45699
45454	45725
45186	45396
44758	45358
44879	45396
45353	44663
45124	44616
44605	45494
45302	45626
45302	45567
45452	44461
45452	45486
45026	45358
44675	45493
44675	45486
44370	45486
45552	44908
45015	45659
45417	45396
45012	45626
44422	45396
45406	44531
45406	45626
44673	45659
45163	45327
45163	45567
45163	44629
45072	45567
45304	45626
45305	44999
45305	45486
45609	45364
45609	45567
45355	44461
45355	45396
45526	44572
45524	44387
45644	44461
44861	45659
44513	45486
45683	45493
45683	45486
45273	44917
44767	45493
45470	45659
45183	45396
45060	45659
45105	45626
45306	45659
44710	45396
44562	45335
44934	45626
45322	45659
45599	44457
44824	45648
44824	44572
45504	45659
45068	44645
45177	45691
45538	44461
44972	44695
45557	45659
45329	45396
45296	44663
44998	44721
44734	44889
45333	44531
45378	45071
45692	45659
45034	44461
45700	45264
45700	45567
44590	45659
44409	44721
44611	44999
44611	45486
45030	45364
45030	45567
44358	45648
44358	45396
45771	45659
44599	45659
45058	45493
45058	45486
44577	45175
45134	45659
45704	45493
44863	45396
45102	44482
45102	45567
44573	45659
44434	44482
44434	45567
44927	44461
44803	45567
45632	44441
45632	45567
44940	45396
45042	44461
44506	44461
44536	45626
44478	44461
44718	45648
44718	45396
45364	45626
44657	44917
45389	45156
44830	45044
44436	44461
45140	45396
44589	44999
44589	45486
44938	44461
44359	45648
44359	45396
45257	45648
45257	45396
44917	44953
44623	44697
45430	44706
45680	45396
44989	45250
45156	45659
44461	45659
44365	45396
44368	45626
45212	44461
45480	44908
44762	45659
45747	44999
45244	45486
45575	44746
45241	45659
45342	45659
44703	45626
44703	45567
45437	45396
45724	44720
44911	44706
45101	45396
44403	45292
44465	44461
44795	45626
44795	45567
44825	45396
44669	44812
45221	45396
45006	45626
45750	45659
45396	45486
44926	45659
44641	45486
45048	45659
45440	45175
44784	44917
44915	44482
44915	45567
45175	45626
45423	45396
45220	45493
45220	45486
44482	45626
44518	45301
45279	44482
45279	45567
45564	44706
44578	44720
44688	44461
44688	45486
45339	45626
45366	45493
45366	45486
45537	44461
45537	45396
44705	44999
44832	45528
45059	44720
44801	45626
45415	45301
45331	45087
45331	45155
44948	44461
44948	45396
45765	45648
45765	45396
44913	45626
44913	45567
45760	45648
45760	45396
44745	45567
44745	44476
44745	45226
45251	44720
45702	45659
45205	45071
44986	45659
45266	45396
44419	45659
45136	45659
45264	44482
45264	45387
44802	44461
45737	45626
45737	45567
45374	45659
44495	44721
44991	44917
45729	45493
45729	45486
44387	45626
45531	45493
45531	45358
45531	45447
44466	44999
44466	44865
44425	44461
44425	45396
45715	44461
44613	45626
44613	45567
44625	44461
45153	44720
45667	44461
44740	45659
44872	45396
45240	45486
45362	44461
45362	45396
45207	44706
45207	45567
44400	44721
44875	44461
44380	45493
44380	45486
45592	45494
44953	45659
45689	45626
45164	44483
44907	44755
44773	45626
44628	45396
45642	44720
45246	44461
45566	44461
45486	45659
45755	45659
45712	45626
45712	45567
45569	45659
44837	44441
44837	45567
44664	44461
45069	45486
45534	45613
45534	44716
44643	45626
44699	44716
44410	45396
44521	44461
44521	45486
45315	45626
45315	45567
44406	44461
45650	44999
45650	45486
44635	44572
45763	45494
45763	45644
45278	44461
45159	44482
44962	45659
44557	45396
44698	44361
44804	45648
44804	45396
45772	44953
45125	44917
45011	45648
45011	44572
44895	44753
44597	44816
44450	45626
44560	44461
45487	45626
44476	45626
44954	45396
44362	45659
45665	45659
45270	45633
44632	44572
45565	45659
45211	44461
45211	45407
45211	45634
44987	45626
44733	44716
45327	45413
44806	44461
44618	45486
44645	44510
45310	44461
45249	44461
45491	44461
45491	45396
45416	45493
45539	45486
45709	45769
45497	45659
45250	44483
44544	44461
44990	45659
44847	45493
44847	45486
45312	45648
45312	44572
44633	45493
44841	45626
44841	45567
45157	45396
45022	44461
45022	45396
45066	45626
44667	44813
45097	45626
45688	45494
45687	44720
45413	44721
45110	44706
45500	45626
44726	45659
44556	45626
44556	45567
44602	45659
45057	45396
45438	44716
45438	45493
45438	45358
45438	45494
44458	45358
45253	45396
45128	44461
45499	45626
45499	45567
44871	44482
45603	44461
45603	45164
44584	45304
45743	45659
44647	45486
45511	44706
44414	45358
44531	45659
44997	45175
44754	45396
45132	45429
44766	45669
45071	44461
45071	45486
44859	44461
44399	44461
44399	45396
45677	44476
44541	45486
44939	44720
45681	45659
44514	45486
45308	44817
45308	44461
45403	45659
44511	45396
45676	45396
44459	45626
45332	45567
45184	44461
45431	44721
44744	44461
45563	45659
45445	45396
44982	44817
44982	44461
45094	44999
45094	45486
44760	45659
44947	45659
44925	45567
44925	45413
45394	45396
45433	44400
45433	45574
44827	45659
45725	44813
44547	45175
44366	45613
44366	44716
45245	45574
45245	45567
44721	45626
44719	45396
45210	45486
45185	45486
44870	45659
45663	45644
44930	45175
45767	44461
44580	45396
44928	45396
44474	45659
44621	45292
45035	45396
44950	44461
44950	45407
45698	45396
45698	45644
44397	45659
44912	45396
44890	45413
45046	45396
45432	45486
44780	45493
44780	45486
45238	45396
44654	45626
45191	44531
45191	45567
45219	44483
45007	44461
44463	45567
45474	45634
45346	45648
45346	45396
44884	44753
45548	44953
45375	45396
45149	44461
45166	44720
44423	44461
45152	45626
44549	45486
45114	44721
44777	45358
45560	44461
45560	45407
45275	45659
44979	44531
44979	45567
45087	45301
44715	45626
44715	45567
45120	45659
45595	45494
45754	45659
45421	44572
45466	45574
44702	44483
44805	45493
44730	44461
44565	44716
44565	45493
44565	45358
44565	45494
45323	45659
44542	45659
44484	45626
45634	45396
44920	45567
44404	45659
44799	45659
45126	45396
45123	44455
45418	45626
45418	45567
44668	45175
44781	44999
44781	44716
44781	45494
45202	45486
44952	44461
44742	45626
44742	45567
45181	44721
45181	45567
44607	45396
45601	44716
45321	45396
45321	45494
45321	45644
45604	44531
44963	45659
45230	44401
45714	44461
44923	45659
44512	45567
44512	45413
44421	44461
44421	45396
44932	44721
44637	44572
45519	45567
44451	44814
45467	45659
45028	45626
45028	45567
44665	45626
44505	45396
44961	45486
45145	45548
45615	45493
45615	45486
45615	45358
45530	44999
45530	45486
45209	45626
45209	45567
44456	45648
44456	45396
44497	45396
44390	45659
45137	45396
45515	44716
45664	45659
45135	44531
45179	45626
44449	44716
45402	45659
45757	45626
44534	45071
45017	45396
44958	44999
44958	45486
45472	45387
44586	45493
44586	45486
45619	44451
44811	45626
45734	44663
44903	45648
44903	44572
45641	45396
45380	45659
45513	44482
45541	44721
44794	44746
45697	45659
45130	45626
44761	45648
44761	44572
45461	45626
45671	45364
45441	44663
45441	45574
44533	44829
44533	44793
44945	44480
44551	45486
45476	44716
44583	44572
44785	44645
44687	45626
45608	45567
45693	44461
44821	45659
45635	44441
45464	45396
44393	45396
44914	44817
44914	44461
45259	45486
45393	44461
44426	45659
44839	44461
44839	45396
45631	45659
45256	45396
44814	45659
45410	45396
45052	45626
45052	45567
45054	44716
45054	45493
45054	45358
45054	45494
45382	45659
45291	45071
44519	45493
44519	45486
45235	44917
44900	45659
44881	44457
45582	44908
44527	45764
44361	45659
44381	44441
44381	45567
44588	45396
44491	44720
44453	45659
44984	45626
45723	45626
45723	45567
45356	45659
44660	45486
45013	45447
45013	44645
45602	45626
44942	45486
45620	45396
45377	44461
44496	45486
44496	45358
44899	45301
45770	45659
45390	45226
45325	44461
45325	45407
45106	44817
44528	45175
44691	44716
44691	45648
44433	45691
44437	45626
45148	45567
45369	45486
45752	45626
45752	45567
44407	45648
44407	45396
45636	44361
44779	45264
45139	45626
45139	45567
45203	45364
45095	44721
45318	44917
44538	45659
44976	45648
44976	45396
45585	45613
45585	44716
45554	45327
45554	45567
45554	44629
45444	45659
44424	44482
45324	45486
45324	45358
45294	45626
44868	45226
45155	45301
44720	45567
44671	44721
45146	44461
44364	45626
44364	45567
45503	44716
44554	45659
44957	45659
45344	44361
45261	45486
45261	45358
44944	45567
44944	44476
44944	45226
45612	45528
44576	45626
44455	45042
44388	45494
44778	44526
45556	44999
45206	44720
44686	45626
45383	45364
45383	45567
45532	45494
45199	45226
45199	45567
44441	45626
45170	45567
44448	44706
44966	45358
45475	44999
45475	45486
45475	45567
44680	44461
45080	45659
44735	44534
45074	45626
45074	45567
44653	44461
45208	45659
45189	44999
45189	45486
44700	45387
44891	44461
44374	45659
44739	45626
45338	44812
45338	45567
45338	44793
45347	45486
45628	44720
45005	45396
44670	44482
44670	45567
45626	45659
45176	45396
45384	45493
45213	45493
45213	45486
45213	45358
44553	44716
44553	45493
44553	45358
44553	45494
45527	45396
44525	44908
45109	45626
44905	44455
44935	44483
45285	44461
45285	45396
45473	45659
45192	45175
45381	44999
45381	45486
45588	45626
45281	44441
44701	45659
45525	44401
45758	44441
45204	45691
44678	44441
45579	45659
44676	44531
44676	45567
45578	44753
45581	45486
45674	45396
44569	45567
45368	44716
45064	45659
45276	45648
45276	45396
45182	45364
45182	45567
44840	45087
44909	45659
45361	45486
44666	45396
45651	45567
45651	44576
45651	44629
45651	45574
44738	44645
44738	45764
45335	45071
45453	45659
44916	44817
44916	44461
44916	45396
44800	45659
44659	45659
44574	44716
45759	45659
45277	45626
45277	45567
45303	44461
44713	45626
45522	45626
45522	45567
45129	45486
44866	45396
45343	45659
45625	45567
45625	44576
45625	45574
45018	44706
45044	45187
45288	45301
45143	44716
45514	44562
45606	45396
44598	44461
45425	45659
45027	45567
45036	45626
44481	44526
45610	44461
45610	45396
44405	45567
44405	44576
44405	45574
45732	44629
45732	45567
45657	45175
44471	44461
44943	44706
45460	45396
44874	44716
45412	44441
45508	45447
45142	44716
44494	45396
44446	44461
44844	45396
44848	45626
45558	44753
44750	44461
44737	45567
45699	45626
44454	45626
44454	45567
44652	45175
44679	45071
44833	45486
45284	45396
44591	44461
44561	44999
44561	45486
45711	45626
45234	45567
45535	45574
45568	44917
45112	45486
45112	45358
44530	45396
45420	44461
45420	45200
45252	44461
45252	45407
45289	45764
44427	45364
44797	44461
44797	45486
45283	45648
45428	45396
44751	45358
45316	45175
44786	44482
44786	45567
44796	45659
44988	45567
44507	45396
45309	45567
44714	44917
45216	44461
44596	45396
45407	45396
45360	45659
44885	45659
45684	44981
45122	45648
45122	44572
45214	45659
44712	45396
45561	44720
45624	45567
44693	45494
44524	45358
44748	45659
44919	45626
44807	45301
44619	45659
44886	45648
44886	44572
44980	45648
44980	45396
45258	45626
45258	45567
45655	45567
45494	45071
45178	45493
45178	45486
45598	44461
44845	44720
44485	44706
45516	45494
44582	45396
44918	45574
44918	45567
44695	44917
45227	45626
44707	45486
45652	45396
44828	45659
45673	44482
